 PDEW 2007 08 22 07 26 24.10   42.0200  140.6400 123.6 5.4 0.0 HOKKAIDO, JAPAN REGION
event name:    200708220726A
time shift:           1.6500
half duration:        1.5000
latitude:            42.0852
longitude:          140.7738
depth:              123.3051
Mrr:            1.272290E+24
Mtt:           -1.937700E+24
Mpp:            6.654140E+23
Mrt:           -1.255930E+24
Mrp:           -1.605890E+24
Mtp:           -8.229900E+23
