 PDE 2007 08 02 02 37 42.40   47.1200  141.8000   5.0 5.3 6.2 SAKHALIN, RUSSIA
event name:    200708020237A
time shift:           8.7300
half duration:        3.0000
latitude:            46.8397
longitude:          141.8059
depth:                3.0830
Mrr:            2.015070E+25
Mtt:           -8.845400E+23
Mpp:           -1.926610E+25
Mrt:           -8.042200E+23
Mrp:           -4.475710E+24
Mtp:           -2.575840E+24
