 PDE 2007 09 03 16 14 53.60   45.8400  150.0600  94.0 6.3 6.2 KURIL ISLANDS
event name:    200709031614A
time shift:           1.9000
half duration:        3.0000
latitude:            45.7699
longitude:          150.3140
depth:               97.5065
Mrr:            7.501580E+24
Mtt:            1.532860E+25
Mpp:           -2.283020E+25
Mrt:            1.103050E+25
Mrp:           -2.949150E+24
Mtp:           -3.990340E+24
