 PDE 2007 10 06 12 38 51.30   18.7300  147.1400  35.0 6.0 6.1 MARIANA ISLANDS REGION
event name:    200710061238A
time shift:           3.7500
half duration:        2.6000
latitude:            18.8400
longitude:          147.4461
depth:               34.1462
Mrr:            2.043010E+24
Mtt:           -3.752110E+24
Mpp:            1.709090E+24
Mrt:            4.844000E+23
Mrp:            9.945750E+24
Mtp:           -1.073110E+25
