 PDE 2007 10 25 13 50 02.60   46.0100  154.2300  10.0 6.0 6.1 EAST OF KURIL ISLANDS
event name:    200710251350A
time shift:           3.7000
half duration:        2.7000
latitude:            45.8820
longitude:          154.3330
depth:               30.8931
Mrr:            3.750720E+24
Mtt:            1.166780E+25
Mpp:           -1.541860E+25
Mrt:            6.618740E+24
Mrp:            1.121730E+24
Mtp:            2.414220E+24
