 PDE 2007 09 06 17 51 26.20   24.3400  122.2200  53.0 6.1 6.2 TAIWAN REGION
event name:    200709061751A
time shift:           2.8100
half duration:        3.2000
latitude:            24.2287
longitude:          122.3377
depth:               54.6895
Mrr:            2.599830E+25
Mtt:           -1.530210E+24
Mpp:           -2.446810E+25
Mrt:            4.242330E+24
Mrp:            6.361840E+24
Mtp:           -9.054040E+24
