 PDE 2007 10 08 17 10 37.90   43.5400  146.7400  63.4 5.6 5.8 KURIL ISLANDS
event name:    200710081710A
time shift:           0.2700
half duration:        1.7000
latitude:            43.4511
longitude:          146.9502
depth:               39.2769
Mrr:            3.978750E+24
Mtt:           -1.406730E+24
Mpp:           -2.572020E+24
Mrt:           -1.454990E+23
Mrp:           -3.179440E+23
Mtp:           -1.903500E+24
