 PDEW 2007 12 25 14 04 34.70   38.5000  142.0300  48.4 5.4 6.1 NEAR EAST COAST OF HONSHU, JAPAN
event name:    200712251404A
time shift:           3.5600
half duration:        2.6000
latitude:            38.4043
longitude:          142.3646
depth:               40.6383
Mrr:            1.053040E+25
Mtt:           -7.122500E+23
Mpp:           -9.818200E+24
Mrt:            4.781780E+24
Mrp:            1.021770E+25
Mtp:           -3.564660E+24
