 PDE 2008 03 13 08 41 07.40   43.0700  146.5300  52.9 5.6 5.4 KURIL ISLANDS
event name:    200803130841A
time shift:           3.2200
half duration:        1.2000
latitude:            43.1200
longitude:          146.6700
depth:               48.9748
Mrr:            5.569600E+23
Mtt:            1.382930E+23
Mpp:           -6.952530E+23
Mrt:            7.389950E+23
Mrp:            2.703960E+23
Mtp:           -6.462290E+23
