 PDE 2008 05 09 21 51 29.70   12.5200  143.1800  76.0 6.1 6.7 SOUTH OF MARIANA ISLANDS
event name:    200805092151A
time shift:           6.1500
half duration:        5.8000
latitude:            12.3481
longitude:          143.2751
depth:               83.5383
Mrr:           -6.436820E+25
Mtt:           -8.633690E+25
Mpp:            1.507050E+26
Mrt:            7.714400E+25
Mrp:            5.266200E+24
Mtp:            6.708800E+24
