 PDEW 2008 05 20 20 42 43.70   53.3000  108.4300  10.0 5.2 4.9 LAKE BAYKAL REGION, RUSSIA
event name:    200805202042A
time shift:           1.1000
half duration:        1.1000
latitude:            53.3206
longitude:          108.5373
depth:               11.4748
Mrr:           -3.401290E+23
Mtt:           -1.462800E+23
Mpp:            4.864090E+23
Mrt:           -3.204680E+23
Mrp:            6.749290E+22
Mtp:            7.125930E+23
