 PDE 2008 10 23 09 21 15.10    5.9600  125.7800 129.9 5.8 5.7 MINDANAO, PHILIPPINES
event name:    200810230921A
time shift:           1.8600
half duration:        1.7000
latitude:             5.9624
longitude:          125.9821
depth:              115.7054
Mrr:            1.988450E+24
Mtt:            6.180550E+23
Mpp:           -2.606500E+24
Mrt:            1.412280E+24
Mrp:            2.261140E+24
Mtp:            5.406690E+23
