 PDE 2008 08 01 10 35 24.30   13.5200  120.7600 135.1 5.3 5.6 MINDORO, PHILIPPINES
event name:    200808011035A
time shift:           0.5100
half duration:        1.5000
latitude:            13.5600
longitude:          120.7700
depth:              127.6464
Mrr:            2.198690E+24
Mtt:           -9.087220E+23
Mpp:           -1.289970E+24
Mrt:           -4.272380E+23
Mrp:           -5.568950E+23
Mtp:            1.199630E+24
