 PDE 2008 05 25 08 21 48.70   32.5700  105.4200  10.0 5.8 6.0 SICHUAN, CHINA
event name:    200805250821A
time shift:           3.7100
half duration:        2.6000
latitude:            32.5658
longitude:          105.4563
depth:               18.3022
Mrr:            9.178000E+23
Mtt:            9.467990E+24
Mpp:           -1.038580E+25
Mrt:            1.843570E+24
Mrp:           -1.402990E+24
Mtp:           -5.561090E+24
