 PDE 2008 03 20 14 10 44.60    6.1800  126.9300  82.5 6.0 6.1 MINDANAO, PHILIPPINES
event name:    200803201410A
time shift:           1.7100
half duration:        2.6000
latitude:             6.0693
longitude:          127.1305
depth:               60.0655
Mrr:            9.910830E+24
Mtt:            3.386340E+24
Mpp:           -1.329720E+25
Mrt:            1.982400E+23
Mrp:            6.821410E+24
Mtp:           -1.986160E+24
