 PDE 2008 06 25 23 37 12.00   41.9400  142.4900  55.6 5.3 5.5 HOKKAIDO, JAPAN REGION
event name:    200806252337A
time shift:           2.1000
half duration:        1.2000
latitude:            41.8796
longitude:          142.7620
depth:               52.7440
Mrr:            1.239440E+24
Mtt:           -2.551540E+23
Mpp:           -9.842920E+23
Mrt:            3.894870E+23
Mrp:            7.384390E+23
Mtp:           -4.852200E+23
