 PDE 2008 06 04 17 03 07.40   41.5300  139.0500 212.6 5.5 5.7 HOKKAIDO, JAPAN REGION
event name:    200806041703A
time shift:           0.5500
half duration:        1.7000
latitude:            41.6007
longitude:          139.1478
depth:              201.7951
Mrr:            1.038920E+24
Mtt:           -1.011470E+24
Mpp:           -2.744900E+22
Mrt:           -4.513940E+23
Mrp:           -3.000480E+24
Mtp:           -2.544970E+24
