 PDE 2008 03 03 13 49 40.40   19.9100  121.3300  10.0 6.0 6.0 PHILIPPINE ISLANDS REGION
event name:    200803031349A
time shift:           4.6000
half duration:        2.4000
latitude:            19.9665
longitude:          121.2212
depth:               22.5853
Mrr:            8.324020E+24
Mtt:           -8.197900E+22
Mpp:           -8.242040E+24
Mrt:           -2.198710E+24
Mrp:           -5.368750E+24
Mtp:           -1.965010E+24
