 PDE 2008 01 07 07 46 29.70   12.2600  125.3800  55.8 5.3 0.0 SAMAR, PHILIPPINES
event name:    200801070746A
time shift:           0.1500
half duration:        1.5000
latitude:            12.4760
longitude:          125.5422
depth:               20.9645
Mrr:            1.360290E+24
Mtt:            1.073570E+23
Mpp:           -1.467650E+24
Mrt:           -4.337020E+23
Mrp:            1.656380E+24
Mtp:            4.972340E+23
