 PDE 2008 08 10 08 20 31.70   11.0400   91.8100  10.0 5.7 6.2 ANDAMAN ISLANDS, INDIA REGION
event name:    200808100820A
time shift:           5.7400
half duration:        2.9000
latitude:            10.9600
longitude:           91.8300
depth:               16.7114
Mrr:           -7.626090E+24
Mtt:           -1.720940E+25
Mpp:            2.483550E+25
Mrt:           -3.921360E+24
Mrp:            2.003970E+24
Mtp:            2.060990E+24
