 PDE 2008 02 27 06 54 20.60   26.8200  142.4400  15.0 5.8 6.2 BONIN ISLANDS, JAPAN REGION
event name:    200802270654A
time shift:           3.2500
half duration:        3.2000
latitude:            26.7200
longitude:          142.8000
depth:               15.2661
Mrr:            1.980310E+25
Mtt:            2.201240E+24
Mpp:           -2.200430E+25
Mrt:            6.622060E+24
Mrp:            2.538610E+25
Mtp:           -4.611680E+24
