 PDE 2008 04 16 19 19 36.30   39.0300  140.0100 166.0 5.6 5.8 EASTERN HONSHU, JAPAN
event name:    200804161919A
time shift:           2.1800
half duration:        1.9000
latitude:            39.0921
longitude:          140.1701
depth:              167.5731
Mrr:           -2.935850E+23
Mtt:            9.872250E+23
Mpp:           -6.936420E+23
Mrt:            1.973980E+24
Mrp:            5.430590E+24
Mtp:            1.995880E+24
