 PDEW 2008 10 06 08 30 45.60   29.8100   90.3500  12.0 6.0 6.3 XIZANG
event name:    200810060830A
time shift:           6.7500
half duration:        3.5000
latitude:            29.6551
longitude:           90.4999
depth:                8.8263
Mrr:           -3.066800E+25
Mtt:            3.683000E+22
Mpp:            3.063120E+25
Mrt:           -9.750080E+24
Mrp:            6.594510E+24
Mtp:            1.506450E+25
