 PDEW 2008 08 30 08 30 54.00   26.2700  101.9400  17.0 5.7 5.9 YUNNAN, CHINA
event name:    200808300830A
time shift:           3.4600
half duration:        2.3000
latitude:            26.1872
longitude:          102.0393
depth:               15.0497
Mrr:            1.456830E+23
Mtt:           -2.250320E+24
Mpp:            2.104640E+24
Mrt:            3.374220E+23
Mrp:           -9.811220E+23
Mtp:           -5.967270E+24
