 PDE 2008 12 25 03 20 29.90    5.7600  125.3700 211.2 6.1 6.3 MINDANAO, PHILIPPINES
event name:    200812250320A
time shift:           0.2800
half duration:        3.4000
latitude:             5.7318
longitude:          125.6544
depth:              192.7601
Mrr:            1.484830E+25
Mtt:           -4.192500E+24
Mpp:           -1.065580E+25
Mrt:           -2.662920E+24
Mrp:            3.195070E+25
Mtp:           -8.153410E+24
