 PDEW 2008 07 21 11 30 29.30   37.1900  142.0500  22.0 5.7 6.0 OFF EAST COAST OF HONSHU, JAPAN
event name:    200807211130A
time shift:           4.7800
half duration:        2.2000
latitude:            37.1675
longitude:          142.2759
depth:               26.8771
Mrr:            5.707140E+24
Mtt:           -1.172790E+24
Mpp:           -4.534350E+24
Mrt:            3.566190E+24
Mrp:            6.797070E+24
Mtp:           -2.306770E+24
