 PDE 2008 07 20 21 30 29.60   27.7700  139.6200 481.4 5.1 5.8 BONIN ISLANDS, JAPAN REGION
event name:    200807202130A
time shift:           2.1800
half duration:        2.0000
latitude:            27.8149
longitude:          139.5883
depth:              485.0349
Mrr:           -2.947910E+24
Mtt:            3.940360E+24
Mpp:           -9.924580E+23
Mrt:            3.845260E+24
Mrp:           -4.141920E+24
Mtp:           -1.172380E+24
