 PDE 2008 05 12 11 11 02.50   31.2100  103.6200  10.0 5.7 6.1 SICHUAN, CHINA
event name:    200805121111A
time shift:           2.6800
half duration:        2.7000
latitude:            31.3006
longitude:          103.6190
depth:                9.0815
Mrr:           -4.979180E+24
Mtt:            7.937970E+24
Mpp:           -2.958790E+24
Mrt:           -4.115890E+24
Mrp:            3.929270E+24
Mtp:            4.516800E+24
