 PDEW 2008 05 07 16 16 36.20   36.1600  141.7600  23.3 5.9 6.1 NEAR EAST COAST OF HONSHU, JAPAN
event name:    200805071616A
time shift:           4.0700
half duration:        2.6000
latitude:            36.1220
longitude:          141.9639
depth:               21.0279
Mrr:            1.027050E+25
Mtt:           -5.506200E+23
Mpp:           -9.719860E+24
Mrt:            4.217060E+24
Mrp:            1.009120E+25
Mtp:           -2.716200E+24
