 PDE 2008 03 03 14 11 14.60   13.3500  125.6300  24.0 6.4 6.9 PHILIPPINE ISLANDS REGION
event name:    200803031411A
time shift:           6.9600
half duration:        6.7000
latitude:            13.5200
longitude:          125.5900
depth:               13.2781
Mrr:           -1.988460E+26
Mtt:            1.367440E+26
Mpp:            6.210230E+25
Mrt:           -5.735900E+24
Mrp:            7.434200E+25
Mtp:           -1.511570E+26
