 PDE 2008 06 29 20 53 01.00   45.1600  137.4200 287.3 5.6 6.0 PRIMOR'YE, RUSSIA
event name:    200806292053A
time shift:           6.2400
half duration:        2.3000
latitude:            45.1167
longitude:          137.3700
depth:              324.9483
Mrr:           -1.735110E+24
Mtt:            3.611350E+24
Mpp:           -1.876240E+24
Mrt:            8.379090E+24
Mrp:           -2.332120E+23
Mtp:           -6.150280E+24
