 PDE 2008 12 02 12 31 43.90   19.1100  145.7500 137.1 5.9 5.9 MARIANA ISLANDS
event name:    200812021231A
time shift:           1.0400
half duration:        2.3000
latitude:            19.1667
longitude:          145.9970
depth:              114.9429
Mrr:           -1.427760E+24
Mtt:            6.054710E+24
Mpp:           -4.626960E+24
Mrt:           -5.398680E+24
Mrp:            4.090710E+24
Mtp:            1.529620E+24
