 PDE 2008 07 19 02 39 28.70   37.5500  142.2100  22.0 6.2 7.0 OFF EAST COAST OF HONSHU, JAPAN
event name:    200807190239A
time shift:           6.1000
half duration:        7.0000
latitude:            37.4718
longitude:          142.4250
depth:               21.7037
Mrr:            1.504600E+26
Mtt:           -1.932140E+25
Mpp:           -1.311380E+26
Mrt:            9.725800E+25
Mrp:            2.356030E+26
Mtp:           -5.687730E+25
