 PDE 2008 07 08 07 42 10.70   27.5300  128.3300  43.0 6.0 6.0 RYUKYU ISLANDS, JAPAN
event name:    200807080742A
time shift:           2.7700
half duration:        2.4000
latitude:            27.3384
longitude:          128.6363
depth:               46.5492
Mrr:            8.169540E+24
Mtt:           -2.720430E+24
Mpp:           -5.449120E+24
Mrt:            3.357670E+24
Mrp:            3.424290E+24
Mtp:           -5.063340E+24
