 PDEW 2008 05 19 10 08 36.30   42.5000  131.8700 513.4 5.4 5.7 E. RUSSIA-N.E. CHINA BORDER REG.
event name:    200805191008A
time shift:           3.1200
half duration:        1.6000
latitude:            42.5081
longitude:          131.9614
depth:              527.9320
Mrr:            2.410180E+23
Mtt:            1.180070E+24
Mpp:           -1.421090E+24
Mrt:            1.028360E+24
Mrp:           -2.407960E+24
Mtp:            2.509640E+24
