 PDE 2008 03 26 20 06 05.80   13.5900  144.8800  70.6 5.4 5.6 MARIANA ISLANDS
event name:    200803262006A
time shift:           2.7300
half duration:        1.5000
latitude:            13.4500
longitude:          144.9900
depth:               62.2842
Mrr:            1.096720E+24
Mtt:           -5.897290E+23
Mpp:           -5.069950E+23
Mrt:            8.270130E+23
Mrp:           -2.394220E+23
Mtp:            2.269350E+24
