 PDEW 2008 06 27 11 40 14.00   11.0100   91.8200  17.0 6.4 6.7 ANDAMAN ISLANDS, INDIA REGION
event name:    200806271140A
time shift:           5.1800
half duration:        4.7000
latitude:            10.9112
longitude:           91.8241
depth:               18.8122
Mrr:           -6.357800E+25
Mtt:           -3.820200E+25
Mpp:            1.017800E+26
Mrt:           -2.213900E+25
Mrp:            1.670070E+25
Mtp:            2.058090E+25
