 PDE 2008 07 13 14 58 32.30   21.0100  121.1400  10.0 5.6 6.3 TAIWAN REGION
event name:    200807131458A
time shift:           4.6100
half duration:        3.0000
latitude:            21.0409
longitude:          121.0429
depth:                8.9806
Mrr:            3.067570E+24
Mtt:            5.226440E+24
Mpp:           -8.294030E+24
Mrt:           -7.224260E+24
Mrp:            4.151240E+24
Mtp:           -1.906660E+25
