 PDEW 2008 05 07 16 45 20.30   36.1600  141.5200  39.1 6.1 6.8 NEAR EAST COAST OF HONSHU, JAPAN
event name:    200805071645A
time shift:           6.8200
half duration:        6.5000
latitude:            36.1800
longitude:          141.6100
depth:               26.3100
Mrr:            1.163630E+26
Mtt:           -2.137030E+25
Mpp:           -9.499260E+25
Mrt:            6.518110E+25
Mrp:            1.632190E+26
Mtp:           -4.892930E+25
