 PDEW 2008 08 16 04 01 08.60   52.2700   98.2100  12.1 5.3 5.7 RUSSIA-MONGOLIA BORDER REGION
event name:    200808160401A
time shift:           3.0700
half duration:        1.8000
latitude:            52.1615
longitude:           98.3157
depth:               17.9250
Mrr:            6.133860E+23
Mtt:            1.276010E+24
Mpp:           -1.889400E+24
Mrt:            5.941900E+23
Mrp:            2.164850E+23
Mtp:            2.523810E+24
