 PDE 2008 07 23 15 26 20.00   39.8000  141.4600 108.0 6.6 6.8 EASTERN HONSHU, JAPAN
event name:    200807231526A
time shift:           4.0600
half duration:        6.1000
latitude:            39.7300
longitude:          141.5100
depth:               98.8200
Mrr:           -1.271470E+26
Mtt:            3.879150E+25
Mpp:            8.835520E+25
Mrt:           -1.091880E+25
Mrp:            1.473820E+26
Mtp:            1.615480E+25
