 PDE 2008 08 21 12 24 29.50   25.0400   97.6800   1.0 5.6 6.0 MYANMAR-CHINA BORDER REGION
event name:    200808211224A
time shift:           6.2100
half duration:        2.5000
latitude:            24.9215
longitude:           97.9967
depth:                8.5160
Mrr:           -1.388180E+24
Mtt:            2.797400E+24
Mpp:           -1.409220E+24
Mrt:            2.871790E+24
Mrp:            4.091040E+23
Mtp:            8.988380E+24
