 PDEW 2009 03 11 12 58 43.30   10.6700   91.6900  10.0 5.0 0.0 ANDAMAN ISLANDS, INDIA REGION
event name:    200903111258A
time shift:           3.7800
half duration:        0.8000
latitude:            10.8500
longitude:           91.9500
depth:               15.0000
Mrr:           -2.880000E+23
Mtt:           -1.800000E+22
Mpp:            3.060000E+23
Mrt:            1.330000E+23
Mrp:           -4.880000E+23
Mtp:            8.370000E+22
