 PDEW 2009 07 13 18 05 01.40   24.0600  122.2000  17.0 6.1 6.3 TAIWAN REGION
event name:    200907131805A
time shift:           5.2200
half duration:        3.5000
latitude:            23.9905
longitude:          121.9988
depth:               21.1103
Mrr:            1.382650E+25
Mtt:           -1.988080E+25
Mpp:            6.054260E+24
Mrt:            2.943480E+25
Mrp:            1.043340E+25
Mtp:            3.032930E+24
