 PDE 2009 11 28 18 10 20.60    5.3300  126.2900  38.8 5.7 6.1 MINDANAO, PHILIPPINES
event name:    200911281810A
time shift:           3.8600
half duration:        2.6000
latitude:             5.4016
longitude:          126.5653
depth:               28.3933
Mrr:            5.708800E+24
Mtt:            3.062730E+24
Mpp:           -8.771540E+24
Mrt:            2.449970E+24
Mrp:            8.724000E+24
Mtp:            1.281080E+23
