 PDE 2009 11 05 09 32 56.60   23.7300  120.7400  18.0 5.6 5.6 TAIWAN
event name:    200911050932A
time shift:           3.0300
half duration:        1.5000
latitude:            23.8100
longitude:          120.6300
depth:               24.8055
Mrr:            1.586290E+24
Mtt:            5.008530E+23
Mpp:           -2.087140E+24
Mrt:           -1.032270E+24
Mrp:            4.058550E+23
Mtp:           -8.760040E+23
