 PDE 2009 09 03 19 51 08.00   24.3300   94.6800 104.6 5.7 5.9 MYANMAR-INDIA BORDER REGION
event name:    200909031951A
time shift:           2.5000
half duration:        2.2000
latitude:            24.2893
longitude:           94.7389
depth:              103.5245
Mrr:            3.601610E+24
Mtt:           -5.797010E+24
Mpp:            2.195400E+24
Mrt:           -3.914920E+24
Mrp:           -2.624100E+24
Mtp:            3.501880E+24
