 PDEW 2009 07 29 14 52 08.30   22.5700  143.2600 140.1 5.2 5.5 VOLCANO ISLANDS, JAPAN REGION
event name:    200907291452A
time shift:           1.3000
half duration:        1.3000
latitude:            22.7000
longitude:          143.2400
depth:              120.1674
Mrr:            1.426640E+24
Mtt:           -9.244250E+23
Mpp:           -5.022180E+23
Mrt:           -6.766210E+23
Mrp:            9.647400E+22
Mtp:           -9.288590E+23
