 PDEW 2009 10 03 17 36 06.10   23.6300  121.4500  28.0 6.0 6.1 TAIWAN
event name:    200910031736A
time shift:           3.0900
half duration:        2.3000
latitude:            23.5823
longitude:          121.5996
depth:               31.7907
Mrr:            6.536790E+24
Mtt:           -2.047470E+24
Mpp:           -4.489310E+24
Mrt:            2.044870E+23
Mrp:            5.342260E+24
Mtp:           -5.329110E+24
