 PDE 2009 08 17 10 10 55.70   23.4200  123.5300  10.0 5.9 6.2 SOUTHWESTERN RYUKYU ISL., JAPAN
event name:    200908171011A
time shift:           2.9100
half duration:        2.8000
latitude:            23.3400
longitude:          123.5100
depth:                7.3197
Mrr:           -7.165980E+24
Mtt:            1.933150E+25
Mpp:           -1.216550E+25
Mrt:            1.958230E+25
Mrp:           -8.053230E+24
Mtp:            2.352100E+23
