 PDEW 2009 10 26 23 50 18.60   47.7600  145.0300 460.5 5.1 0.0 SEA OF OKHOTSK
event name:    200910262350A
time shift:           2.5200
half duration:        1.1000
latitude:            47.6184
longitude:          145.2043
depth:              477.8597
Mrr:            1.004180E+24
Mtt:           -3.484980E+23
Mpp:           -6.556870E+23
Mrt:           -1.874620E+23
Mrp:           -4.367800E+23
Mtp:           -3.483360E+23
