 PDEW 2009 04 17 14 51 58.70   46.1700  151.7000  49.1 5.5 5.7 KURIL ISLANDS
event name:    200904171452A
time shift:           3.1500
half duration:        1.6000
latitude:            46.0600
longitude:          151.9700
depth:               50.1400
Mrr:            2.970000E+24
Mtt:           -1.430000E+24
Mpp:           -1.540000E+24
Mrt:            5.860000E+23
Mrp:            1.170000E+24
Mtp:           -1.600000E+24
