 PDE 2009 12 10 02 30 52.70   53.4200  152.7600 656.2 6.1 6.3 SEA OF OKHOTSK
event name:    200912100230A
time shift:           2.2000
half duration:        3.4000
latitude:            53.4400
longitude:          152.7700
depth:              654.8167
Mrr:           -1.767640E+25
Mtt:           -1.026760E+25
Mpp:            2.794400E+25
Mrt:           -1.217860E+25
Mrp:           -1.420420E+25
Mtp:           -4.653660E+24
