 PDEW 2009 12 01 16 11 09.10    5.0900  127.4300  91.1 5.3 0.0 PHILIPPINE ISLANDS REGION
event name:    200912011611A
time shift:           3.0800
half duration:        1.0000
latitude:             5.1000
longitude:          127.3800
depth:              121.0500
Mrr:            4.098820E+23
Mtt:            2.945400E+22
Mpp:           -4.393370E+23
Mrt:           -2.635620E+23
Mrp:           -4.072580E+23
Mtp:            1.540720E+23
