 PDEW 2009 08 05 00 17 58.80   24.2300  125.1000  25.0 5.9 6.2 SOUTHWESTERN RYUKYU ISL., JAPAN
event name:    200908050018A
time shift:           2.5800
half duration:        2.8000
latitude:            24.1979
longitude:          125.2114
depth:               25.3058
Mrr:            1.096780E+25
Mtt:           -6.281170E+24
Mpp:           -4.686650E+24
Mrt:            8.350240E+24
Mrp:            1.332370E+25
Mtp:           -6.902510E+24
