 PDE 2009 09 22 22 59 34.20   27.1500  140.0200 423.8 5.1 0.0 BONIN ISLANDS, JAPAN REGION
event name:    200909222259A
time shift:          -1.1200
half duration:        1.1000
latitude:            27.0500
longitude:          140.3300
depth:              418.2700
Mrr:           -7.597310E+23
Mtt:           -1.988650E+23
Mpp:            9.585960E+23
Mrt:           -3.149950E+23
Mrp:            1.574240E+23
Mtp:           -1.070190E+23
