 PDE 2009 12 29 22 14 34.40   10.0500  126.3900  69.2 5.1 0.0 PHILIPPINE ISLANDS REGION
event name:    200912292214A
time shift:          -1.9200
half duration:        0.8000
latitude:            10.0931
longitude:          126.7630
depth:               20.5740
Mrr:            2.666160E+23
Mtt:            8.769600E+21
Mpp:           -2.753860E+23
Mrt:            4.625210E+22
Mrp:            3.545140E+23
Mtp:           -5.638810E+22
