 PDE 2009 12 30 07 48 57.50   10.6000  125.3000 152.2 5.3 0.0 LEYTE, PHILIPPINES
event name:    200912300748A
time shift:           0.1000
half duration:        1.1000
latitude:            10.7100
longitude:          125.3100
depth:              124.9059
Mrr:           -4.896170E+23
Mtt:            3.827460E+23
Mpp:            1.068710E+23
Mrt:            3.565420E+23
Mrp:           -6.328440E+23
Mtp:           -2.028440E+23
