 PDE 2009 11 29 20 09 09.20    5.3400  126.2500  35.0 5.3 5.7 MINDANAO, PHILIPPINES
event name:    200911292009A
time shift:           4.3300
half duration:        1.8000
latitude:             5.3900
longitude:          126.6000
depth:               35.4500
Mrr:            3.264780E+24
Mtt:            3.826780E+23
Mpp:           -3.647460E+24
Mrt:            1.970600E+22
Mrp:            2.571090E+24
Mtp:           -5.092500E+22
