 PDEW 2009 03 05 15 49 52.80   15.5800   95.9900   7.9 5.2 0.0 NEAR SOUTH COAST OF MYANMAR
event name:    200903051549A
time shift:           2.2300
half duration:        0.8000
latitude:            15.4800
longitude:           96.0900
depth:               12.0000
Mrr:           -2.940000E+23
Mtt:            2.600000E+23
Mpp:            3.450000E+22
Mrt:            2.060000E+23
Mrp:            1.060000E+23
Mtp:            3.730000E+23
