 PDE 2009 06 19 15 06 24.60   14.0800  145.1900 113.5 5.5 5.5 MARIANA ISLANDS
event name:    200906191506A
time shift:           5.0500
half duration:        1.4000
latitude:            13.7342
longitude:          145.2953
depth:              113.0363
Mrr:            9.745720E+23
Mtt:           -5.899430E+23
Mpp:           -3.846310E+23
Mrt:            1.436420E+24
Mrp:            1.445950E+23
Mtp:           -8.353560E+23
