 PDE 2009 06 14 05 58 43.30    5.3600  126.4400  35.0 5.7 6.1 MINDANAO, PHILIPPINES
event name:    200906140558A
time shift:           5.5000
half duration:        2.8000
latitude:             5.3184
longitude:          126.5903
depth:               36.0778
Mrr:            1.383770E+25
Mtt:            3.569430E+24
Mpp:           -1.740720E+25
Mrt:            8.072830E+24
Mrp:            5.946810E+24
Mtp:           -2.499100E+23
