 PDE 2009 11 05 11 34 18.90   23.6600  120.8400  10.0 5.5 5.7 TAIWAN
event name:    200911051134A
time shift:           4.6100
half duration:        1.0000
latitude:            23.8491
longitude:          120.5991
depth:               23.3909
Mrr:            4.772610E+23
Mtt:            6.861110E+22
Mpp:           -5.458730E+23
Mrt:           -3.362610E+23
Mrp:            1.354230E+23
Mtp:           -1.703180E+23
