 PDEW 2009 05 01 12 57 10.50   26.2800  140.4300 434.5 5.4 0.0 BONIN ISLANDS, JAPAN REGION
event name:    200905011257A
time shift:           0.2900
half duration:        1.0000
latitude:            26.2100
longitude:          140.3600
depth:              414.7400
Mrr:           -4.620000E+23
Mtt:           -1.650000E+23
Mpp:            6.270000E+23
Mrt:           -8.770000E+23
Mrp:            6.410000E+22
Mtp:            2.140000E+23
