 PDE 2009 06 05 03 30 33.10   41.8200  143.4500  29.0 6.0 6.4 HOKKAIDO, JAPAN REGION
event name:    200906050330A
time shift:           4.4600
half duration:        3.4000
latitude:            41.7000
longitude:          143.7200
depth:               31.5900
Mrr:            2.341410E+25
Mtt:           -7.011470E+24
Mpp:           -1.640270E+25
Mrt:            1.421380E+25
Mrp:            2.345770E+25
Mtp:           -1.288640E+25
