 PDEW 2009 10 04 10 58 00.20    6.7400  123.3800 620.0 6.4 6.6 MINDANAO, PHILIPPINES
event name:    200910041058A
time shift:           3.3600
half duration:        5.0000
latitude:             6.7774
longitude:          123.5606
depth:              623.3777
Mrr:            1.126650E+25
Mtt:           -3.303660E+24
Mpp:           -7.962890E+24
Mrt:           -6.595300E+25
Mrp:           -7.494910E+25
Mtp:           -1.457250E+25
