 PDEW 2009 12 02 06 14 29.60   37.2200  141.3600  59.7 5.0 0.0 NEAR EAST COAST OF HONSHU, JAPAN
event name:    200912020614A
time shift:           0.3200
half duration:        0.9000
latitude:            37.1412
longitude:          141.6976
depth:               45.0663
Mrr:            4.581430E+23
Mtt:           -9.858640E+22
Mpp:           -3.595570E+23
Mrt:            9.438030E+22
Mrp:            2.298020E+23
Mtp:           -1.517360E+23
