 PDEW 2009 10 03 15 36 28.20   27.8900  127.7800  82.0 5.1 0.0 RYUKYU ISLANDS, JAPAN
event name:    200910031536A
time shift:           8.4000
half duration:        0.8000
latitude:            27.8395
longitude:          127.8404
depth:               17.2387
Mrr:           -4.551750E+23
Mtt:            1.902630E+23
Mpp:            2.649120E+23
Mrt:            3.663360E+22
Mrp:            9.436230E+22
Mtp:            1.239240E+23
