 PDE 2009 12 10 15 06 44.40    6.6900  126.2700  65.0 5.3 0.0 MINDANAO, PHILIPPINES
event name:    200912101506A
time shift:           1.1700
half duration:        0.9000
latitude:             6.5399
longitude:          126.5102
depth:               45.0407
Mrr:            3.675100E+23
Mtt:            1.246350E+22
Mpp:           -3.799740E+23
Mrt:            3.349390E+23
Mrp:            4.151460E+23
Mtp:           -1.202040E+23
