 PDE 2009 10 25 06 17 02.00   29.1700  130.0500  59.5 5.0 0.0 RYUKYU ISLANDS, JAPAN
event name:    200910250617A
time shift:           0.7200
half duration:        0.9000
latitude:            29.0285
longitude:          130.2464
depth:               40.6337
Mrr:            5.247030E+23
Mtt:           -1.557390E+23
Mpp:           -3.689640E+23
Mrt:            2.141500E+23
Mrp:            1.399680E+23
Mtp:           -2.165320E+23
