 PDEW 2009 07 26 21 49 21.70   10.6100   94.1900  10.0 5.0 0.0 ANDAMAN ISLANDS, INDIA REGION
event name:    200907262149A
time shift:           3.9800
half duration:        0.9000
latitude:            10.7600
longitude:           94.4600
depth:               12.0000
Mrr:           -5.310000E+23
Mtt:            4.450000E+23
Mpp:            8.580000E+22
Mrt:            1.450000E+23
Mrp:            1.100000E+22
Mtp:            1.490000E+23
