 PDE 2009 09 03 13 26 18.20   31.1400  130.0200 165.5 5.9 6.2 KYUSHU, JAPAN
event name:    200909031326A
time shift:           3.6600
half duration:        3.0000
latitude:            31.0794
longitude:          130.1828
depth:              162.6043
Mrr:            1.286720E+25
Mtt:           -6.244620E+24
Mpp:           -6.622540E+24
Mrt:            3.494210E+24
Mrp:            1.784680E+25
Mtp:           -7.307920E+24
