 PDEW 2009 08 11 21 43 47.60   24.3200   94.7900  99.0 5.4 5.5 MYANMAR-INDIA BORDER REGION
event name:    200908112143A
time shift:           2.1800
half duration:        1.4000
latitude:            24.2665
longitude:           94.7873
depth:              102.0963
Mrr:            1.192060E+24
Mtt:           -1.812310E+24
Mpp:            6.202490E+23
Mrt:           -4.605350E+23
Mrp:           -7.365970E+23
Mtp:            4.888500E+22
