 PDEW 2009 07 16 06 29 04.80   42.3700  133.0000 477.3 5.1 0.0 PRIMOR'YE, RUSSIA
event name:    200907160629A
time shift:           0.8600
half duration:        1.1000
latitude:            42.3900
longitude:          133.2400
depth:              485.4700
Mrr:           -1.270000E+22
Mtt:            7.610000E+23
Mpp:           -7.480000E+23
Mrt:            3.390000E+23
Mrp:           -5.240000E+23
Mtp:           -4.480000E+23
