 PDE 2009 10 10 08 42 51.00   41.8100  142.0800  99.8 5.2 0.0 HOKKAIDO, JAPAN REGION
event name:    200910100842A
time shift:           1.5900
half duration:        0.9000
latitude:            41.7300
longitude:          142.2200
depth:               86.8855
Mrr:           -2.275580E+23
Mtt:            4.319050E+23
Mpp:           -2.043470E+23
Mrt:           -1.422490E+23
Mrp:            1.885500E+23
Mtp:           -9.891570E+22
