 PDEW 2009 11 04 06 21 46.90    7.0900  126.5700 116.0 5.5 5.5 MINDANAO, PHILIPPINES
event name:    200911040621A
time shift:          -0.2800
half duration:        1.3000
latitude:             7.0331
longitude:          126.5593
depth:               89.2833
Mrr:           -1.124840E+24
Mtt:           -2.539960E+23
Mpp:            1.378840E+24
Mrt:            5.140290E+23
Mrp:           -8.949590E+23
Mtp:            6.380780E+23
