 PDEW 2009 03 13 09 07 02.30   43.2700  134.0500 428.8 5.0 0.0 PRIMOR'YE, RUSSIA
event name:    200903130907A
time shift:           3.5400
half duration:        1.0000
latitude:            43.3700
longitude:          133.9100
depth:              444.5400
Mrr:            7.210000E+23
Mtt:           -1.650000E+23
Mpp:           -5.570000E+23
Mrt:           -2.510000E+23
Mrp:           -6.260000E+23
Mtp:            2.070000E+23
