 PDEW 2009 11 17 00 39 09.30    5.8800  127.0400 109.8 5.4 0.0 PHILIPPINE ISLANDS REGION
event name:    200911170039A
time shift:           1.4600
half duration:        1.0000
latitude:             5.8772
longitude:          127.1178
depth:               94.8653
Mrr:            3.407980E+23
Mtt:            1.229910E+23
Mpp:           -4.637890E+23
Mrt:            2.073930E+23
Mrp:            2.239580E+23
Mtp:            9.194460E+22
