 PDE 2009 11 02 21 35 44.40   14.0300   92.9700  15.7 5.5 5.2 ANDAMAN ISLANDS, INDIA REGION
event name:    200911022135A
time shift:           3.7100
half duration:        1.2000
latitude:            13.9791
longitude:           93.1213
depth:               14.6090
Mrr:           -6.759520E+23
Mtt:            3.500560E+23
Mpp:            3.258960E+23
Mrt:           -7.860150E+23
Mrp:           -7.057070E+23
Mtp:            4.752680E+23
