 PDE 2009 09 18 06 23 53.50   12.6200  120.4300  12.0 6.0 6.0 MINDORO, PHILIPPINES
event name:    200909180624A
time shift:           2.2800
half duration:        2.3000
latitude:            12.6500
longitude:          120.3800
depth:                5.5100
Mrr:           -1.809500E+24
Mtt:            8.408080E+24
Mpp:           -6.598580E+24
Mrt:           -7.352830E+23
Mrp:           -1.636990E+24
Mtp:           -1.466540E+24
