 PDEW 2009 10 23 20 00 09.80   54.8700  162.2200  45.0 5.3 0.0 NEAR EAST COAST OF KAMCHATKA
event name:    200910232000B
time shift:          -1.3900
half duration:        0.8000
latitude:            54.6300
longitude:          162.4400
depth:               34.1800
Mrr:           -1.660000E+23
Mtt:            9.040000E+22
Mpp:            7.520000E+22
Mrt:           -4.820000E+22
Mrp:            3.580000E+23
Mtp:           -3.700000E+23
