 PDEW 2009 04 04 05 31 55.50    5.1500  127.2000  48.0 6.1 6.3 PHILIPPINE ISLANDS REGION
event name:    200904040531A
time shift:           3.5000
half duration:        3.2000
latitude:             5.2050
longitude:          127.1966
depth:               54.5871
Mrr:            1.763310E+25
Mtt:           -2.466770E+24
Mpp:           -1.516630E+25
Mrt:           -1.090620E+25
Mrp:           -2.439330E+24
Mtp:            1.765050E+25
