 PDEW 2009 12 26 05 09 28.10    6.4800  126.3700  59.8 5.3 0.0 MINDANAO, PHILIPPINES
event name:    200912260509A
time shift:           0.2200
half duration:        1.5000
latitude:             6.4469
longitude:          126.5089
depth:               31.8243
Mrr:            1.781400E+24
Mtt:            1.865070E+23
Mpp:           -1.967910E+24
Mrt:            2.595530E+23
Mrp:            1.142330E+24
Mtp:           -1.950820E+23
