 PDEW 2009 10 13 10 15 13.40   44.5800  149.1300  40.0 5.6 5.7 KURIL ISLANDS
event name:    200910131015A
time shift:           2.5000
half duration:        1.5000
latitude:            44.5452
longitude:          149.3578
depth:               29.7595
Mrr:            2.161360E+24
Mtt:           -9.070060E+23
Mpp:           -1.254360E+24
Mrt:            9.836560E+23
Mrp:            1.560850E+24
Mtp:           -1.356340E+24
