 PDE 2009 02 28 00 35 56.70   42.6100  142.1000 105.0 5.5 5.5 HOKKAIDO, JAPAN REGION
event name:    200902280035A
time shift:           1.6800
half duration:        1.3000
latitude:            42.6166
longitude:          142.0874
depth:              105.3827
Mrr:            1.951480E+23
Mtt:            5.412210E+23
Mpp:           -7.363700E+23
Mrt:            1.406740E+24
Mrp:            1.807300E+23
Mtp:           -4.606590E+23
