 PDEW 2009 09 21 08 53 05.90   27.3300   91.4400  14.0 6.1 6.1 BHUTAN
event name:    200909210853A
time shift:           4.5000
half duration:        2.8000
latitude:            27.1966
longitude:           91.6340
depth:               14.6118
Mrr:            3.342620E+24
Mtt:           -3.946000E+24
Mpp:            6.033600E+23
Mrt:            1.136970E+25
Mrp:           -7.963900E+23
Mtp:            5.707300E+23
