 PDEW 2009 01 19 17 28 58.70    7.6500  126.7900  35.0 5.2 0.0 MINDANAO, PHILIPPINES
event name:    200901191729A
time shift:           0.0800
half duration:        0.8000
latitude:             7.6900
longitude:          127.0600
depth:               24.1700
Mrr:           -1.860000E+23
Mtt:            4.180000E+23
Mpp:           -2.320000E+23
Mrt:            1.850000E+23
Mrp:            3.010000E+23
Mtp:           -4.370000E+21
