 PDEW 2009 08 28 01 52 06.60   37.7000   95.7200  13.0 6.2 6.2 QINGHAI, CHINA
event name:    200908280152A
time shift:           6.1100
half duration:        3.3000
latitude:            37.6400
longitude:           95.7600
depth:                7.8727
Mrr:            2.010440E+25
Mtt:           -1.964110E+25
Mpp:           -4.633100E+23
Mrt:            1.855550E+25
Mrp:           -2.052290E+24
Mtp:            7.201970E+24
