 PDE 2009 10 30 07 03 39.10   29.2200  129.7800  34.0 6.3 6.8 RYUKYU ISLANDS, JAPAN
event name:    200910300703A
time shift:           6.5200
half duration:        6.0000
latitude:            28.9891
longitude:          130.2077
depth:               37.1830
Mrr:            1.505040E+26
Mtt:           -4.580470E+25
Mpp:           -1.047000E+26
Mrt:            7.414070E+25
Mrp:            7.583050E+25
Mtp:           -6.719140E+25
