 PDE 2009 09 28 19 22 57.10   27.9300  127.8200   9.0 5.7 5.8 RYUKYU ISLANDS, JAPAN
event name:    200909281922A
time shift:           4.0700
half duration:        2.0000
latitude:            27.7694
longitude:          127.8041
depth:                3.2562
Mrr:           -4.654120E+24
Mtt:            2.824720E+24
Mpp:            1.829400E+24
Mrt:           -9.288670E+23
Mrp:            1.835720E+24
Mtp:            3.138770E+24
