 PDE 2009 11 03 18 03 55.40   26.2600  141.0200 109.0 5.5 0.0 BONIN ISLANDS, JAPAN REGION
event name:    200911031803A
time shift:           1.9000
half duration:        1.1000
latitude:            26.2600
longitude:          141.3700
depth:               95.8000
Mrr:            1.029090E+24
Mtt:           -3.575730E+23
Mpp:           -6.715160E+23
Mrt:           -2.379200E+23
Mrp:            1.821560E+23
Mtp:            3.949460E+23
