 PDE 2009 11 04 21 56 08.60   37.6500   95.7600   3.0 5.6 0.0 QINGHAI, CHINA
event name:    200911042156A
time shift:           5.1700
half duration:        0.8000
latitude:            37.6648
longitude:           95.8317
depth:                8.1707
Mrr:            2.264210E+23
Mtt:           -3.105060E+23
Mpp:            8.408480E+22
Mrt:            1.991130E+23
Mrp:            1.420220E+23
Mtp:            7.563060E+22
