 PDEW 2009 03 26 19 19 59.60   27.4200  126.7000 159.5 5.6 5.9 NORTHWEST OF RYUKYU ISLANDS
event name:    200903261919A
time shift:           1.0400
half duration:        2.1000
latitude:            27.3412
longitude:          126.9241
depth:              154.0196
Mrr:           -3.221230E+24
Mtt:           -1.353220E+24
Mpp:            4.574450E+24
Mrt:           -2.312270E+24
Mrp:           -4.351830E+24
Mtp:           -3.006640E+24
