 PDE 2009 05 29 19 51 18.00    5.9300  125.7800 160.1 5.5 5.7 MINDANAO, PHILIPPINES
event name:    200905291951A
time shift:           1.1200
half duration:        1.8000
latitude:             5.8600
longitude:          125.9600
depth:              145.0836
Mrr:            8.979220E+23
Mtt:            1.997120E+24
Mpp:           -2.895040E+24
Mrt:           -1.195090E+24
Mrp:            2.288410E+24
Mtp:           -2.282480E+24
