 PDE 2009 01 26 21 30 38.80   57.5100  120.5800  13.3 5.2 5.4 SOUTHEASTERN SIBERIA, RUSSIA
event name:    200901262130A
time shift:          -0.5300
half duration:        1.2000
latitude:            57.4874
longitude:          120.6441
depth:                4.3615
Mrr:           -1.264780E+24
Mtt:            1.196130E+24
Mpp:            6.864100E+22
Mrt:           -5.326560E+23
Mrp:            1.677780E+23
Mtp:            1.842850E+23
