 PDE 2009 12 29 09 01 55.30   24.3600   94.8100 124.8 5.3 5.7 MYANMAR-INDIA BORDER REGION
event name:    200912290901A
time shift:           0.0500
half duration:        1.6000
latitude:            24.3190
longitude:           94.8473
depth:               98.9283
Mrr:            1.972950E+24
Mtt:           -2.846470E+24
Mpp:            8.735190E+23
Mrt:           -1.323480E+24
Mrp:           -1.439550E+24
Mtp:            1.530480E+23
