 PDEW 2009 12 30 11 17 49.80    6.5200  126.3400  34.0 5.5 5.6 MINDANAO, PHILIPPINES
event name:    200912301117A
time shift:           2.4100
half duration:        1.4000
latitude:             6.3160
longitude:          126.4046
depth:               32.4155
Mrr:            1.890970E+24
Mtt:           -9.366300E+22
Mpp:           -1.797310E+24
Mrt:            1.120180E+23
Mrp:            1.072550E+24
Mtp:            2.318710E+23
