 PDEW 2009 10 18 23 50 10.50   13.7000  120.6500 155.6 5.3 5.7 MINDORO, PHILIPPINES
event name:    200910182350A
time shift:           0.4700
half duration:        1.7000
latitude:            13.7104
longitude:          120.6079
depth:              139.0624
Mrr:            2.323570E+24
Mtt:           -3.854030E+23
Mpp:           -1.938170E+24
Mrt:           -3.197540E+23
Mrp:           -2.237770E+24
Mtp:            1.432380E+24
