 PDE 2009 08 12 22 48 51.40   32.8200  140.4000  53.0 6.2 6.6 SOUTHEAST OF HONSHU, JAPAN
event name:    200908122248A
time shift:           4.5000
half duration:        4.8000
latitude:            32.7502
longitude:          140.6665
depth:               54.7297
Mrr:            4.098790E+25
Mtt:           -3.950300E+24
Mpp:           -3.703760E+25
Mrt:           -1.487850E+25
Mrp:           -7.054980E+25
Mtp:           -2.985390E+25
