 PDE 2009 03 31 15 29 31.90   18.3100  145.7200 188.5 5.4 5.5 MARIANA ISLANDS
event name:    200903311529A
time shift:           1.6700
half duration:        1.3000
latitude:            18.3300
longitude:          145.9700
depth:              171.7503
Mrr:           -7.173190E+23
Mtt:            1.496320E+24
Mpp:           -7.790070E+23
Mrt:           -4.811850E+23
Mrp:            1.291330E+24
Mtp:           -5.023170E+23
