 PDE 2009 09 19 08 54 16.80   32.8400  105.5200  14.2 5.5 4.6 SICHUAN, CHINA
event name:    200909190854A
time shift:          -0.0500
half duration:        0.7000
latitude:            32.8770
longitude:          105.6270
depth:                2.6676
Mrr:            2.509910E+23
Mtt:            2.022440E+22
Mpp:           -2.712150E+23
Mrt:           -4.249700E+22
Mrp:           -9.353570E+22
Mtp:            2.030550E+22
