 PDEW 2010 07 23 23 15 10.20    6.7800  123.2600 640.6 6.8 7.4 MINDANAO, PHILIPPINES
event name:    201007232315A
time shift:           5.5100
half duration:       12.9000
latitude:             6.8300
longitude:          123.4800
depth:              641.4400
Mrr:           -1.380000E+27
Mtt:            1.040000E+27
Mpp:            3.310000E+26
Mrt:           -5.080000E+26
Mrp:           -1.500000E+27
Mtp:            2.680000E+25
