 PDEW 2010 03 24 02 44 50.70   32.5100   92.8200  13.2 5.7 5.5 XIZANG
event name:    201003240244A
time shift:           2.7900
half duration:        1.3000
latitude:            32.3700
longitude:           92.9200
depth:               12.6719
Mrr:           -2.219900E+23
Mtt:           -5.922810E+23
Mpp:            8.142700E+23
Mrt:           -4.814600E+23
Mrp:            4.467070E+22
Mtp:            7.758190E+23
