 PDE 2010 01 08 12 14 59.60    6.0800  126.7600 120.1 5.3 0.0 MINDANAO, PHILIPPINES
event name:    201001081214A
time shift:          -1.9600
half duration:        1.2000
latitude:             6.1400
longitude:          126.7800
depth:              103.4176
Mrr:            8.437270E+23
Mtt:           -6.384580E+23
Mpp:           -2.052700E+23
Mrt:            2.563380E+23
Mrp:            7.340190E+23
Mtp:            8.497130E+23
