 PDEW 2010 06 28 12 07 30.00   30.6700  141.5400  41.3 5.4 5.8 SOUTHEAST OF HONSHU, JAPAN
event name:    201006281207A
time shift:           0.3000
half duration:        1.9000
latitude:            30.6080
longitude:          141.8248
depth:               16.4534
Mrr:            3.753650E+24
Mtt:            3.871460E+23
Mpp:           -4.140800E+24
Mrt:           -2.686050E+23
Mrp:            4.288970E+24
Mtp:            3.341420E+23
