 PDE 2010 06 11 16 37 48.00   26.6900  142.5000   7.0 5.5 5.7 BONIN ISLANDS, JAPAN REGION
event name:    201006111637A
time shift:           3.5000
half duration:        1.5000
latitude:            26.5758
longitude:          143.0388
depth:               15.4664
Mrr:            2.300400E+24
Mtt:           -1.539000E+22
Mpp:           -2.285010E+24
Mrt:            6.517710E+23
Mrp:            2.171340E+24
Mtp:            1.280220E+23
