 PDEW 2010 06 13 03 32 57.20   37.3700  141.6200  27.0 6.3 5.9 NEAR EAST COAST OF HONSHU, JAPAN
event name:    201006130332A
time shift:           3.2200
half duration:        2.3000
latitude:            37.4164
longitude:          141.7494
depth:               32.8297
Mrr:            8.330870E+24
Mtt:           -8.620460E+24
Mpp:            2.895890E+23
Mrt:           -7.873900E+22
Mrp:           -2.729190E+24
Mtp:           -1.241150E+24
