 PDE 2010 01 21 02 02 03.70   13.5500  125.4600  15.0 5.3 5.5 PHILIPPINE ISLANDS REGION
event name:    201001210202A
time shift:           0.9000
half duration:        1.4000
latitude:            13.7679
longitude:          125.4961
depth:               11.3124
Mrr:           -2.433840E+23
Mtt:            7.841500E+22
Mpp:            1.649670E+23
Mrt:            3.905850E+23
Mrp:            1.855800E+22
Mtp:           -1.863480E+24
