 PDEW 2010 04 27 20 22 27.70   30.4300  101.4200  10.0 4.8 0.0 SICHUAN, CHINA
event name:    201004272022A
time shift:           2.7600
half duration:        0.8000
latitude:            30.5100
longitude:          101.6300
depth:               25.3700
Mrr:           -5.020000E+22
Mtt:            4.990000E+23
Mpp:           -4.490000E+23
Mrt:           -1.000000E+23
Mrp:            5.880000E+22
Mtp:           -2.080000E+23
