 PDEW 2010 08 31 21 16 00.70   13.8000  144.8600 123.1 5.0 0.0 MARIANA ISLANDS
event name:    201008312116A
time shift:           3.2900
half duration:        0.8000
latitude:            13.5800
longitude:          144.9700
depth:              135.0100
Mrr:           -6.960000E+22
Mtt:            2.920000E+23
Mpp:           -2.220000E+23
Mrt:            1.340000E+23
Mrp:            1.680000E+23
Mtp:           -3.500000E+23
