 PDE 2010 02 26 01 07 58.20   23.7800  122.8200  37.2 5.7 5.5 TAIWAN REGION
event name:    201002260107A
time shift:           2.1600
half duration:        1.2000
latitude:            23.6924
longitude:          122.7895
depth:               24.8449
Mrr:            1.737610E+24
Mtt:           -6.740900E+22
Mpp:           -1.670200E+24
Mrt:            2.027300E+23
Mrp:            5.706210E+23
Mtp:           -1.870570E+23
