 PDE 2010 11 30 03 24 41.60   28.3600  139.1500 486.7 5.9 6.8 BONIN ISLANDS, JAPAN REGION
event name:    201011300324A
time shift:           7.5200
half duration:        6.0000
latitude:            28.6957
longitude:          139.2530
depth:              460.0752
Mrr:           -5.569180E+25
Mtt:            9.903660E+25
Mpp:           -4.334490E+25
Mrt:            5.724560E+25
Mrp:           -1.311180E+26
Mtp:           -5.614390E+25
