 PDE 2010 03 24 02 06 10.30   32.5000   92.7000   5.0 5.6 5.7 XIZANG
event name:    201003240206A
time shift:           6.0700
half duration:        1.7000
latitude:            32.3700
longitude:           92.8900
depth:               11.2987
Mrr:           -1.084230E+24
Mtt:           -1.082730E+24
Mpp:            2.166960E+24
Mrt:           -1.544910E+24
Mrp:           -1.309000E+21
Mtp:            2.371720E+24
