 PDE 2010 08 14 07 30 16.90   12.3500  141.4900  10.0 6.0 6.2 SOUTH OF MARIANA ISLANDS
event name:    201008140730A
time shift:           1.6700
half duration:        2.8000
latitude:            12.2610
longitude:          141.3769
depth:                6.6386
Mrr:           -1.532960E+25
Mtt:            9.718110E+24
Mpp:            5.611510E+24
Mrt:            2.847840E+24
Mrp:            1.008480E+25
Mtp:            1.006420E+25
