 PDEW 2010 07 04 05 21 15.50   18.5300  145.0900 464.6 5.1 0.0 MARIANA ISLANDS
event name:    201007040521A
time shift:           0.9800
half duration:        1.2000
latitude:            18.5664
longitude:          145.0142
depth:              453.4318
Mrr:           -7.683590E+23
Mtt:           -5.256400E+21
Mpp:            7.736150E+23
Mrt:           -8.384410E+23
Mrp:            1.288170E+23
Mtp:           -7.343740E+23
