 PDE 2010 03 04 00 18 51.30   22.9200  120.7900  21.0 6.2 6.3 TAIWAN
event name:    201003040018A
time shift:           4.0900
half duration:        3.3000
latitude:            22.8608
longitude:          120.5683
depth:               26.5056
Mrr:            1.578420E+25
Mtt:            2.586980E+24
Mpp:           -1.837120E+25
Mrt:           -2.769130E+24
Mrp:           -1.643810E+25
Mtp:            8.714350E+24
