 PDE 2010 08 18 16 28 15.40   12.2300  141.5100  10.0 5.8 6.3 SOUTH OF MARIANA ISLANDS
event name:    201008181628A
time shift:           7.0800
half duration:        2.9000
latitude:            12.2994
longitude:          141.4318
depth:                5.4235
Mrr:           -2.007820E+25
Mtt:            1.001830E+25
Mpp:            1.005990E+25
Mrt:            7.069610E+24
Mrp:            8.527680E+24
Mtp:            1.136910E+25
