 PDE 2010 08 23 01 08 09.70   12.8100  143.5400 123.7 5.6 5.5 SOUTH OF MARIANA ISLANDS
event name:    201008230108A
time shift:           3.0300
half duration:        1.4000
latitude:            12.5900
longitude:          143.5400
depth:              116.4562
Mrr:            6.663040E+23
Mtt:           -8.172160E+23
Mpp:            1.509100E+23
Mrt:            1.721660E+24
Mrp:           -9.353400E+22
Mtp:           -8.684000E+21
