 PDE 2010 11 07 19 26 49.40   24.3800  141.5900 113.0 5.7 5.6 VOLCANO ISLANDS, JAPAN REGION
event name:    201011071926A
time shift:           0.8000
half duration:        1.6000
latitude:            24.3681
longitude:          141.6979
depth:               99.3705
Mrr:            5.773950E+23
Mtt:           -3.007060E+24
Mpp:            2.429660E+24
Mrt:           -8.431540E+23
Mrp:            1.385380E+24
Mtp:           -7.607900E+22
