 PDEW 2010 05 26 08 53 08.00   25.7700  129.9400  10.0 6.2 6.5 SOUTHEAST OF RYUKYU ISLANDS
event name:    201005260853A
time shift:           6.9400
half duration:        4.0000
latitude:            25.8017
longitude:          130.0029
depth:                6.9811
Mrr:           -4.190500E+25
Mtt:            1.213100E+25
Mpp:            2.977400E+25
Mrt:           -3.545790E+24
Mrp:            7.592220E+24
Mtp:            4.871310E+25
