 PDEW 2010 03 16 09 44 17.90   52.1300  142.2100  24.4 5.6 5.8 SAKHALIN, RUSSIA
event name:    201003160944A
time shift:           0.8000
half duration:        1.8000
latitude:            52.1355
longitude:          142.0977
depth:                7.5212
Mrr:            4.101720E+24
Mtt:           -2.436960E+23
Mpp:           -3.858020E+24
Mrt:            4.344350E+23
Mrp:           -1.037390E+24
Mtp:            9.826960E+23
