 PDE 2010 01 15 11 08 38.40   26.7500  126.2900 139.1 5.4 5.7 RYUKYU ISLANDS, JAPAN
event name:    201001151108A
time shift:           1.5700
half duration:        1.8000
latitude:            26.6400
longitude:          126.4700
depth:              126.2072
Mrr:           -1.108260E+24
Mtt:           -1.820140E+24
Mpp:            2.928400E+24
Mrt:           -2.471780E+24
Mrp:           -2.168320E+24
Mtp:            1.228520E+23
