 PDEW 2010 07 25 08 18 29.20    6.8200  123.5600 618.4 5.2 0.0 MINDANAO, PHILIPPINES
event name:    201007250818A
time shift:           0.4300
half duration:        1.0000
latitude:             6.8600
longitude:          123.5600
depth:              608.4800
Mrr:           -3.740000E+23
Mtt:            2.920000E+23
Mpp:            8.270000E+22
Mrt:           -3.140000E+23
Mrp:           -8.810000E+23
Mtp:           -2.520000E+23
