 PDE 2010 06 10 02 13 17.10    7.3600  126.9000  15.0 5.1 5.6 MINDANAO, PHILIPPINES
event name:    201006100213A
time shift:           6.6300
half duration:        1.4000
latitude:             7.2144
longitude:          127.1597
depth:               19.1258
Mrr:            1.518830E+24
Mtt:            3.158500E+22
Mpp:           -1.550410E+24
Mrt:            4.788430E+23
Mrp:            1.243710E+24
Mtp:           -1.616700E+23
