 PDE 2010 02 26 20 31 27.00   25.9300  128.4300  25.0 6.7 7.0 RYUKYU ISLANDS, JAPAN
event name:    201002262031A
time shift:           2.6700
half duration:        7.4000
latitude:            25.8639
longitude:          128.6128
depth:               15.4527
Mrr:           -7.948500E+25
Mtt:            3.882670E+25
Mpp:            4.065820E+25
Mrt:            1.030860E+26
Mrp:            1.147790E+26
Mtp:            3.450660E+26
