 PDE 2010 01 17 06 04 36.50   37.9400  143.6000   7.0 5.7 5.6 OFF EAST COAST OF HONSHU, JAPAN
event name:    201001170604A
time shift:           5.8200
half duration:        1.5000
latitude:            37.9948
longitude:          143.6190
depth:               16.4311
Mrr:           -1.302090E+24
Mtt:           -1.027150E+24
Mpp:            2.329240E+24
Mrt:            5.345890E+23
Mrp:            2.505400E+24
Mtp:            1.401840E+24
