 PDE 2010 03 06 13 31 12.90   44.1700  147.6500  52.9 5.4 5.7 KURIL ISLANDS
event name:    201003061331A
time shift:           3.3900
half duration:        1.7000
latitude:            44.0829
longitude:          147.7683
depth:               53.2707
Mrr:            1.122680E+24
Mtt:           -2.713360E+24
Mpp:            1.590680E+24
Mrt:            1.547250E+24
Mrp:           -1.850180E+24
Mtp:            5.100300E+22
