 PDEW 2010 03 25 05 29 24.70   13.8300  120.0700  16.0 5.9 6.0 MINDORO, PHILIPPINES
event name:    201003250529A
time shift:           4.9200
half duration:        2.3000
latitude:            13.8310
longitude:          119.8550
depth:               15.3065
Mrr:            5.053970E+24
Mtt:            5.473310E+23
Mpp:           -5.601310E+24
Mrt:           -1.945060E+24
Mrp:           -8.836590E+24
Mtp:            1.342570E+24
