 PDE 2010 07 09 00 41 19.50   24.7500  122.6000 126.3 5.4 0.0 TAIWAN REGION
event name:    201007090041A
time shift:           1.6300
half duration:        0.9000
latitude:            24.7069
longitude:          122.5097
depth:              120.2429
Mrr:           -2.507810E+22
Mtt:           -2.759300E+23
Mpp:            3.010080E+23
Mrt:            4.546420E+23
Mrp:           -2.122950E+23
Mtp:           -3.045890E+22
