 PDEW 2010 08 26 15 08 04.90   36.1200  136.7700 277.8 5.4 5.4 NEAR WEST COAST OF HONSHU, JAPAN
event name:    201008261508B
time shift:           2.0000
half duration:        1.2000
latitude:            36.1900
longitude:          136.8700
depth:              281.3200
Mrr:           -3.700000E+23
Mtt:            1.310000E+24
Mpp:           -9.410000E+23
Mrt:           -6.100000E+23
Mrp:            7.040001E+23
Mtp:           -6.180000E+22
