 PDE 2010 03 12 23 19 55.20   23.0600   94.6200 102.1 5.5 5.5 MYANMAR-INDIA BORDER REGION
event name:    201003122319A
time shift:           2.2200
half duration:        1.4000
latitude:            22.9873
longitude:           94.6270
depth:              101.5260
Mrr:            1.092760E+24
Mtt:           -1.308740E+24
Mpp:            2.159780E+23
Mrt:           -7.966260E+23
Mrp:           -1.183990E+24
Mtp:           -2.822090E+23
