 PDE 2010 03 30 16 54 46.70   13.6700   92.8300  34.0 6.5 6.7 ANDAMAN ISLANDS, INDIA REGION
event name:    201003301654A
time shift:           7.6900
half duration:        5.1000
latitude:            13.5800
longitude:           92.7600
depth:               28.8330
Mrr:           -5.290670E+25
Mtt:           -8.228500E+24
Mpp:            6.113520E+25
Mrt:            5.623470E+24
Mrp:           -4.043160E+25
Mtp:            8.484750E+25
