 PDEW 2010 04 14 01 25 15.60   33.1900   96.4500   7.6 5.9 6.1 QINGHAI, CHINA
event name:    201004140125A
time shift:           2.2200
half duration:        2.6000
latitude:            33.1760
longitude:           96.5400
depth:               12.8609
Mrr:           -1.236560E+24
Mtt:            7.560250E+24
Mpp:           -6.323690E+24
Mrt:           -2.731510E+24
Mrp:           -6.240340E+24
Mtp:            4.712390E+24
