 PDE 2010 06 05 05 22 02.90   43.4300  146.7700  58.0 5.5 5.5 KURIL ISLANDS
event name:    201006050522A
time shift:           2.2700
half duration:        1.3000
latitude:            43.4296
longitude:          146.9391
depth:               70.6988
Mrr:            7.418590E+23
Mtt:            1.569590E+23
Mpp:           -8.988190E+23
Mrt:            1.188510E+24
Mrp:            1.029280E+24
Mtp:           -3.766300E+23
