 PDE 2010 02 15 10 15 44.30    6.1700  126.9100 102.7 5.4 0.0 MINDANAO, PHILIPPINES
event name:    201002151015A
time shift:           0.2000
half duration:        0.9000
latitude:             6.1195
longitude:          126.9640
depth:               82.9181
Mrr:            3.674480E+23
Mtt:            3.311460E+22
Mpp:           -4.005630E+23
Mrt:            5.237710E+22
Mrp:            3.020480E+23
Mtp:            5.219720E+22
