 PDE 2010 03 19 09 30 39.40   54.4800  110.1100   9.7 5.5 5.0 LAKE BAYKAL REGION, RUSSIA
event name:    201003190930A
time shift:           4.5000
half duration:        1.1000
latitude:            54.5743
longitude:          110.1933
depth:               31.3833
Mrr:           -9.086380E+23
Mtt:            4.019910E+23
Mpp:            5.066470E+23
Mrt:            1.195570E+23
Mrp:           -5.252340E+22
Mtp:            4.683280E+23
