 PDE 2010 06 18 02 23 05.20   44.4500  148.6900  25.0 5.9 6.2 KURIL ISLANDS
event name:    201006180223A
time shift:           6.0300
half duration:        2.9000
latitude:            44.3406
longitude:          148.9179
depth:               29.2744
Mrr:            1.498480E+25
Mtt:           -4.124610E+24
Mpp:           -1.086020E+25
Mrt:            5.689310E+24
Mrp:            1.487940E+25
Mtp:           -9.290820E+24
