 PDEW 2010 07 30 20 43 05.30   27.6900  139.6700 496.9 4.8 0.0 BONIN ISLANDS, JAPAN REGION
event name:    201007302043A
time shift:           2.5500
half duration:        1.0000
latitude:            27.7100
longitude:          139.5600
depth:              504.1600
Mrr:           -4.840000E+23
Mtt:            5.180000E+23
Mpp:           -3.460000E+22
Mrt:            6.270000E+23
Mrp:           -5.800000E+23
Mtp:            5.080000E+22
