 PDE 2010 05 31 19 51 55.50   11.1200   93.4500 112.0 6.1 6.5 ANDAMAN ISLANDS, INDIA REGION
event name:    201005311951A
time shift:          -5.6400
half duration:        4.2000
latitude:            11.1657
longitude:           93.7079
depth:              120.8399
Mrr:            2.204560E+25
Mtt:           -4.104760E+25
Mpp:            1.900200E+25
Mrt:           -4.071410E+25
Mrp:           -1.882200E+25
Mtp:            2.416950E+25
