 PDEW 2010 06 03 05 35 44.70   33.3300   96.1500  23.8 5.2 5.5 QINGHAI, CHINA
event name:    201006030535A
time shift:           0.1200
half duration:        1.3000
latitude:            33.2300
longitude:           96.2800
depth:               14.1458
Mrr:           -2.892500E+22
Mtt:           -2.704500E+22
Mpp:            5.596800E+22
Mrt:           -4.266860E+23
Mrp:           -8.437100E+22
Mtp:            1.139170E+24
