 PDE 2010 08 14 23 01 04.10   12.2700  141.4300  13.0 6.1 6.6 SOUTH OF MARIANA ISLANDS
event name:    201008142301A
time shift:          10.4800
half duration:        3.5000
latitude:            12.2405
longitude:          141.3813
depth:               10.6382
Mrr:           -4.503900E+25
Mtt:            2.633800E+25
Mpp:            1.870100E+25
Mrt:            1.037530E+25
Mrp:            6.044210E+24
Mtp:            1.862490E+25
