 PDE 2010 02 26 16 18 57.30    5.8200  125.6500  60.5 5.1 0.0 MINDANAO, PHILIPPINES
event name:    201002261618B
time shift:          -0.7000
half duration:        0.8000
latitude:             5.8034
longitude:          125.5208
depth:               30.7257
Mrr:            2.631700E+23
Mtt:            1.771470E+22
Mpp:           -2.808850E+23
Mrt:           -9.343320E+22
Mrp:           -1.986290E+23
Mtp:           -1.108240E+22
