 PDE 2010 07 12 16 53 06.80    6.6200  123.4000 618.0 5.3 0.0 MINDANAO, PHILIPPINES
event name:    201007121653A
time shift:           0.3200
half duration:        1.2000
latitude:             6.7318
longitude:          123.4483
depth:              612.1050
Mrr:           -9.168200E+21
Mtt:            6.908060E+22
Mpp:           -5.991260E+22
Mrt:           -5.044710E+23
Mrp:           -7.866620E+23
Mtp:            1.763170E+22
