 PDE 2010 01 14 18 46 25.10   42.3400  142.9900  60.1 5.2 0.0 HOKKAIDO, JAPAN REGION
event name:    201001141846A
time shift:           3.1400
half duration:        0.7000
latitude:            42.2129
longitude:          143.0537
depth:               65.6728
Mrr:            2.190090E+23
Mtt:           -8.187960E+22
Mpp:           -1.371300E+23
Mrt:            1.077180E+22
Mrp:            1.425010E+23
Mtp:           -1.612790E+23
