 PDEW 2010 05 01 23 57 15.00   14.9500  145.4100 134.4 5.5 0.0 MARIANA ISLANDS
event name:    201005012357A
time shift:           1.5900
half duration:        1.2000
latitude:            14.8571
longitude:          145.5435
depth:              114.1540
Mrr:           -2.907040E+23
Mtt:            2.912500E+22
Mpp:            2.615780E+23
Mrt:           -3.906390E+23
Mrp:           -1.095590E+24
Mtp:           -3.352730E+23
