 PDE 2010 03 13 12 46 26.40   37.5900  141.3000  76.7 5.7 5.6 NEAR EAST COAST OF HONSHU, JAPAN
event name:    201003131246A
time shift:           2.0100
half duration:        1.4000
latitude:            37.6197
longitude:          141.4452
depth:               75.5884
Mrr:           -1.886350E+24
Mtt:            3.004120E+23
Mpp:            1.585940E+24
Mrt:            4.800370E+23
Mrp:            5.870850E+23
Mtp:            6.271100E+23
