 PDE 2010 01 25 07 15 09.00   30.9600  130.8900  38.2 5.5 5.5 KYUSHU, JAPAN
event name:    201001250715A
time shift:           2.9100
half duration:        1.3000
latitude:            30.9127
longitude:          131.0779
depth:               40.7620
Mrr:            1.520170E+23
Mtt:           -8.936280E+23
Mpp:            7.416090E+23
Mrt:            3.819760E+23
Mrp:            8.401530E+23
Mtp:            1.089980E+24
