 PDE 2010 04 26 02 59 52.20   22.1800  123.7300  21.4 6.2 6.5 SOUTHEAST OF TAIWAN
event name:    201004260259A
time shift:           1.9300
half duration:        4.3000
latitude:            22.2300
longitude:          123.7300
depth:               15.2941
Mrr:           -7.286130E+24
Mtt:            6.032600E+25
Mpp:           -5.303990E+25
Mrt:           -1.410210E+25
Mrp:            2.182260E+24
Mtp:           -2.875780E+25
