 PDE 2010 06 18 23 09 31.00   13.2000   93.0900  20.0 6.1 5.9 ANDAMAN ISLANDS, INDIA REGION
event name:    201006182309A
time shift:           3.2600
half duration:        2.2000
latitude:            13.2100
longitude:           93.1200
depth:               18.6463
Mrr:            7.185680E+24
Mtt:           -3.782170E+24
Mpp:           -3.403510E+24
Mrt:           -3.515800E+22
Mrp:            4.474260E+24
Mtp:            5.141080E+24
