 PDEW 2010 01 27 18 49 33.60   13.6400  125.4900  29.1 5.6 5.9 PHILIPPINE ISLANDS REGION
event name:    201001271849A
time shift:          -0.6600
half duration:        2.1000
latitude:            13.7340
longitude:          125.5451
depth:               12.2527
Mrr:           -1.613310E+24
Mtt:            1.291480E+24
Mpp:            3.218250E+23
Mrt:           -6.864610E+23
Mrp:           -2.706970E+23
Mtp:           -7.505920E+24
