 PDE 2010 03 22 19 58 14.90   18.4700  120.7400  47.6 5.8 5.9 LUZON, PHILIPPINES
event name:    201003221958A
time shift:           1.5800
half duration:        2.0000
latitude:            18.6204
longitude:          120.6001
depth:               45.2454
Mrr:            5.427880E+24
Mtt:           -9.262890E+23
Mpp:           -4.501600E+24
Mrt:           -2.507450E+23
Mrp:           -2.532670E+24
Mtp:           -2.795420E+24
