 PDE 2010 03 02 02 51 21.30   18.1800  122.4000  17.0 5.7 5.8 LUZON, PHILIPPINES
event name:    201003020251A
time shift:           3.2700
half duration:        1.9000
latitude:            18.3195
longitude:          122.4647
depth:               14.6545
Mrr:            4.105730E+23
Mtt:            3.337600E+24
Mpp:           -3.748180E+24
Mrt:           -1.569200E+24
Mrp:            4.803760E+24
Mtp:           -1.984640E+24
