 PDEW 2010 02 28 08 17 44.30   34.8300  141.4700  10.0 5.4 5.6 OFF EAST COAST OF HONSHU, JAPAN
event name:    201002280817A
time shift:           2.5900
half duration:        1.2000
latitude:            34.6814
longitude:          142.1886
depth:               16.9288
Mrr:            8.501830E+23
Mtt:           -3.168800E+22
Mpp:           -8.184960E+23
Mrt:            6.435920E+23
Mrp:            1.186160E+24
Mtp:           -4.194550E+23
