 PDE 2010 03 30 01 02 53.50   43.3000  138.3800  20.8 6.1 5.7 EASTERN SEA OF JAPAN
event name:    201003300102A
time shift:           1.7800
half duration:        1.8000
latitude:            43.2706
longitude:          138.4619
depth:                8.2868
Mrr:            5.078090E+24
Mtt:           -7.105380E+23
Mpp:           -4.367550E+24
Mrt:           -2.142760E+23
Mrp:           -1.517060E+24
Mtp:           -1.647590E+24
