 PDE 2010 02 26 08 37 00.20    6.4800  126.8000  92.0 5.7 5.7 MINDANAO, PHILIPPINES
event name:    201002260837A
time shift:           3.7700
half duration:        1.8000
latitude:             6.4159
longitude:          126.8630
depth:              102.1878
Mrr:            2.614420E+24
Mtt:            1.239980E+23
Mpp:           -2.738420E+24
Mrt:            8.212130E+23
Mrp:            3.222490E+24
Mtp:            8.294670E+23
