 PDEW 2010 12 22 21 49 38.80   26.8100  143.6000  10.0 6.2 6.4 BONIN ISLANDS, JAPAN REGION
event name:    201012222149A
time shift:           6.8600
half duration:        3.8000
latitude:            26.7909
longitude:          143.6931
depth:               30.0093
Mrr:           -9.542810E+24
Mtt:            1.256760E+25
Mpp:           -3.024800E+24
Mrt:            7.717990E+24
Mrp:           -1.872960E+25
Mtp:           -4.200230E+25
