 PDEW 2010 02 05 06 48 11.90   40.6700  135.6300 382.5 5.1 0.0 SEA OF JAPAN
event name:    201002050648A
time shift:           2.7300
half duration:        1.0000
latitude:            40.8339
longitude:          135.7398
depth:              384.5539
Mrr:            3.538860E+23
Mtt:           -1.593370E+23
Mpp:           -1.945490E+23
Mrt:           -2.543900E+23
Mrp:           -5.231970E+23
Mtp:           -3.825270E+23
