 PDE 2010 01 02 08 45 32.00   12.4200  141.9600   2.0 5.7 6.1 SOUTH OF MARIANA ISLANDS
event name:    201001020845A
time shift:           6.7700
half duration:        2.5000
latitude:            12.2954
longitude:          141.7801
depth:                4.8152
Mrr:           -1.109190E+25
Mtt:            1.056300E+25
Mpp:            5.289300E+23
Mrt:            1.275450E+25
Mrp:            6.806510E+24
Mtp:            4.628280E+24
