 PDE 2010 07 04 21 55 52.00   39.7000  142.3700  27.0 6.4 6.3 NEAR EAST COAST OF HONSHU, JAPAN
event name:    201007042155A
time shift:           3.5700
half duration:        3.4000
latitude:            39.6800
longitude:          142.7700
depth:               35.3000
Mrr:            2.293070E+25
Mtt:            1.269300E+23
Mpp:           -2.305760E+25
Mrt:            5.126250E+24
Mrp:            2.211900E+25
Mtp:           -3.209350E+24
