 PDEW 2011 05 25 10 02 52.40   49.1600  147.4800 562.0 5.1 0.0 SEA OF OKHOTSK
event name:    201105251002A
time shift:           1.0000
half duration:        1.1000
latitude:            49.1800
longitude:          147.5200
depth:              568.6900
Mrr:           -4.670000E+23
Mtt:            5.810000E+23
Mpp:           -1.140000E+23
Mrt:           -7.580000E+23
Mrp:           -1.650000E+23
Mtp:           -6.500000E+23
