 PDEW 2011 03 12 11 46 00.00   35.7400  141.6800  10.0 5.6 0.0 NEAR EAST COAST OF HONSHU, JAPAN
event name:    201103121146A
time shift:           0.7700
half duration:        1.1000
latitude:            35.8300
longitude:          141.8600
depth:               12.0000
Mrr:            2.080000E+23
Mtt:            4.180000E+22
Mpp:           -2.500000E+23
Mrt:            8.120000E+23
Mrp:           -6.290001E+23
Mtp:           -2.410000E+23
