 PDEW 2011 05 21 13 08 04.50   17.1900  121.7200  35.4 5.3 0.0 LUZON, PHILIPPINES
event name:    201105211308A
time shift:          -1.9300
half duration:        0.9000
latitude:            17.3100
longitude:          121.9100
depth:               13.0200
Mrr:            1.240000E+23
Mtt:           -6.040000E+23
Mpp:            4.810000E+23
Mrt:            1.130000E+23
Mrp:            1.720000E+23
Mtp:            2.790000E+23
