 PDEW 2011 02 22 02 10 24.50   14.1300  120.6500 141.0 5.2 0.0 LUZON, PHILIPPINES
event name:    201102220210A
time shift:          -1.0400
half duration:        1.0000
latitude:            14.1600
longitude:          120.5300
depth:              138.1600
Mrr:            4.860000E+23
Mtt:           -2.650000E+23
Mpp:           -2.220000E+23
Mrt:            3.290000E+23
Mrp:           -5.900000E+23
Mtp:            9.700000E+21
