 PDE 2011 10 14 06 10 14.60   54.0800  123.7200  12.0 5.7 6.1 SOUTHEASTERN SIBERIA, RUSSIA
event name:    201110140610A
time shift:           1.4100
half duration:        2.5000
latitude:            54.1686
longitude:          123.7588
depth:               11.8562
Mrr:           -9.005380E+23
Mtt:            4.751880E+24
Mpp:           -3.851340E+24
Mrt:            2.847300E+22
Mrp:           -2.354950E+24
Mtp:            8.846820E+24
