 PDE 2011 03 24 13 55 11.90   20.6900   99.8400   8.0 6.4 7.1 MYANMAR
event name:    201103241355A
time shift:           5.7200
half duration:        6.4000
latitude:            20.6159
longitude:          100.0226
depth:                4.5490
Mrr:           -1.119900E+24
Mtt:           -1.088220E+26
Mpp:            1.099420E+26
Mrt:            5.838120E+25
Mrp:            5.323750E+25
Mtp:            1.336880E+26
