 PDE 2011 03 11 18 59 16.50   37.0100  138.3800   9.3 6.1 6.3 NEAR WEST COAST OF HONSHU, JAPAN
event name:    201103111859A
time shift:           4.8400
half duration:        3.4000
latitude:            37.0469
longitude:          138.5929
depth:                3.7850
Mrr:            1.998190E+25
Mtt:           -1.112150E+25
Mpp:           -8.860450E+24
Mrt:           -2.465300E+25
Mrp:           -1.077100E+25
Mtp:           -1.510770E+25
