 PDEW 2011 07 11 20 47 04.30    9.5100  122.1700  19.0 6.1 6.4 NEGROS, PHILIPPINES
event name:    201107112047A
time shift:           7.2700
half duration:        4.3000
latitude:             9.6565
longitude:          122.1166
depth:               16.2700
Mrr:            3.428600E+25
Mtt:           -5.661500E+23
Mpp:           -3.371990E+25
Mrt:           -5.083200E+24
Mrp:           -4.219590E+25
Mtp:           -2.803910E+24
