 PDEW 2011 04 29 13 12 46.20   21.1300  122.0100 181.1 5.5 5.4 TAIWAN REGION
event name:    201104291312A
time shift:           2.1800
half duration:        1.1000
latitude:            21.2400
longitude:          121.9200
depth:              184.7300
Mrr:           -5.300000E+23
Mtt:           -1.540000E+23
Mpp:            6.850001E+23
Mrt:           -9.180000E+23
Mrp:           -2.530000E+23
Mtp:            5.870000E+23
