 PDEW 2011 08 01 14 58 09.10   34.6300  138.4300  13.0 6.0 5.9 NEAR S. COAST OF HONSHU, JAPAN
event name:    201108011458A
time shift:           5.4700
half duration:        2.3000
latitude:            34.6500
longitude:          138.3900
depth:               19.1500
Mrr:            9.360000E+24
Mtt:           -9.720000E+24
Mpp:            3.610000E+23
Mrt:            4.180000E+24
Mrp:           -1.470000E+24
Mtp:            1.270000E+24
