 PDEW 2011 06 22 21 50 52.30   39.9600  142.2100  33.0 6.1 6.7 NEAR EAST COAST OF HONSHU, JAPAN
event name:    201106222150A
time shift:           4.9100
half duration:        5.6000
latitude:            39.9900
longitude:          142.5100
depth:               41.3500
Mrr:            1.050000E+26
Mtt:            4.550000E+24
Mpp:           -1.090000E+26
Mrt:            1.250000E+25
Mrp:            1.120000E+26
Mtp:           -3.300000E+24
