 PDE 2011 07 25 17 15 40.80   14.9500  120.0400  35.0 5.9 5.9 LUZON, PHILIPPINES
event name:    201107251715A
time shift:           3.8700
half duration:        2.3000
latitude:            15.1100
longitude:          119.8200
depth:               40.4118
Mrr:            7.929300E+24
Mtt:            3.323160E+23
Mpp:           -8.261610E+24
Mrt:           -2.420500E+24
Mrp:           -1.706730E+24
Mtp:           -8.215600E+23
