 PDEW 2011 07 15 18 00 23.90   27.0200  140.1300 472.3 4.8 0.0 BONIN ISLANDS, JAPAN REGION
event name:    201107151800A
time shift:           3.3900
half duration:        1.2000
latitude:            27.1000
longitude:          139.9700
depth:              476.2500
Mrr:           -4.580000E+23
Mtt:            7.490000E+22
Mpp:            3.830000E+23
Mrt:           -1.020000E+23
Mrp:           -9.450000E+23
Mtp:           -8.570000E+23
