 PDEW 2011 03 16 17 12 41.00   56.5500  121.3900  26.3 4.9 0.0 SOUTHEASTERN SIBERIA, RUSSIA
event name:    201103161712A
time shift:          -4.4600
half duration:        0.8000
latitude:            56.6800
longitude:          121.5700
depth:               16.1600
Mrr:           -4.050000E+22
Mtt:            3.680000E+23
Mpp:           -3.270000E+23
Mrt:           -8.630000E+22
Mrp:           -4.950000E+22
Mtp:            3.380000E+23
