 PDE 2011 01 12 21 32 55.20   26.9800  139.8700 527.9 6.2 6.5 BONIN ISLANDS, JAPAN REGION
event name:    201101122132A
time shift:           2.9900
half duration:        4.4000
latitude:            26.9400
longitude:          139.9400
depth:              511.9992
Mrr:           -3.088170E+25
Mtt:            3.628340E+25
Mpp:           -5.401650E+24
Mrt:            2.169320E+25
Mrp:           -5.121340E+25
Mtp:           -2.239000E+25
