 PDEW 2011 02 23 22 14 05.70   31.4500  140.1500 106.6 5.3 0.0 SOUTHEAST OF HONSHU, JAPAN
event name:    201102232214A
time shift:           0.2600
half duration:        1.3000
latitude:            31.4600
longitude:          140.4500
depth:               90.5100
Mrr:           -3.370000E+22
Mtt:            1.010000E+24
Mpp:           -9.800000E+23
Mrt:            6.660000E+23
Mrp:            1.290000E+24
Mtp:           -2.550000E+23
