 PDEW 2011 09 19 09 07 22.20   47.8600  147.3100 410.5 4.8 0.0 NORTHWEST OF KURIL ISLANDS
event name:    201109190907A
time shift:           2.3400
half duration:        1.0000
latitude:            47.9000
longitude:          147.6100
depth:              402.6200
Mrr:            4.990000E+23
Mtt:           -1.090000E+23
Mpp:           -3.900000E+23
Mrt:            5.650000E+22
Mrp:           -5.950000E+23
Mtp:            1.690000E+23
