 PDEW 2011 05 14 22 30 29.70   43.1400  146.1300  36.6 5.2 0.0 KURIL ISLANDS
event name:    201105142230A
time shift:           1.6300
half duration:        0.9000
latitude:            42.9500
longitude:          146.3700
depth:               36.8200
Mrr:            4.210000E+23
Mtt:            1.360000E+22
Mpp:           -4.350000E+23
Mrt:            3.120000E+23
Mrp:            1.760000E+23
Mtp:           -1.850000E+23
