 PDEW 2011 02 04 13 53 44.20   24.6400   94.6800  66.0 6.5 6.3 MYANMAR-INDIA BORDER REGION
event name:    201102041353A
time shift:           4.6600
half duration:        3.3000
latitude:            24.4600
longitude:           94.6800
depth:              102.1204
Mrr:            1.674760E+25
Mtt:           -2.624950E+25
Mpp:            9.501920E+24
Mrt:           -1.441400E+24
Mrp:           -1.300850E+25
Mtp:            1.182930E+25
