 PDEW 2011 05 15 12 14 20.30   37.2400  142.6100  56.8 4.9 0.0 OFF EAST COAST OF HONSHU, JAPAN
event name:    201105151214A
time shift:           3.1000
half duration:        0.8000
latitude:            37.2900
longitude:          142.6700
depth:               72.4200
Mrr:           -1.170000E+23
Mtt:            4.540000E+23
Mpp:           -3.370000E+23
Mrt:            1.590000E+23
Mrp:            1.910000E+23
Mtp:           -1.530000E+23
