 PDEW 2011 01 29 12 39 00.00   21.6100  142.9600 321.2 5.2 5.5 MARIANA ISLANDS REGION
event name:    201101291238A
time shift:           0.0100
half duration:        1.3000
latitude:            21.7100
longitude:          142.8500
depth:              319.0700
Mrr:            1.520000E+24
Mtt:           -1.050000E+24
Mpp:           -4.680000E+23
Mrt:            1.160000E+24
Mrp:            2.920000E+23
Mtp:           -9.160001E+23
