 PDEW 2011 03 22 07 18 45.40   37.2400  144.0000  11.0 6.3 6.5 OFF EAST COAST OF HONSHU, JAPAN
event name:    201103220718A
time shift:           6.1100
half duration:        3.9000
latitude:            37.1154
longitude:          144.0039
depth:               10.1083
Mrr:           -5.285600E+25
Mtt:            1.922630E+25
Mpp:            3.362970E+25
Mrt:            2.687520E+24
Mrp:            1.965100E+25
Mtp:            2.604080E+25
