 PDE 2011 08 27 10 29 46.90   43.9400  104.5100  10.0 5.4 0.0 MONGOLIA
event name:    201108271029A
time shift:           0.6700
half duration:        1.3000
latitude:            43.9800
longitude:          104.5100
depth:               14.5979
Mrr:            2.360860E+23
Mtt:           -5.884000E+21
Mpp:           -2.302040E+23
Mrt:            3.865410E+23
Mrp:           -6.398500E+22
Mtp:            1.067110E+24
