 PDE 2011 06 08 01 53 26.10   43.0100   88.2500  21.1 5.3 0.0 NORTHERN XINJIANG, CHINA
event name:    201106080153B
time shift:           1.5800
half duration:        0.8000
latitude:            43.0560
longitude:           88.2752
depth:               21.6135
Mrr:            2.549520E+23
Mtt:           -2.453490E+23
Mpp:           -9.603000E+21
Mrt:            2.014850E+23
Mrp:            7.055060E+22
Mtp:            9.064800E+21
