 PDEW 2011 07 16 18 38 50.70   52.8800  108.4400   7.4 0.0 5.3 LAKE BAYKAL REGION, RUSSIA
event name:    201107161838A
time shift:           1.0100
half duration:        1.1000
latitude:            52.9300
longitude:          108.4300
depth:               24.0000
Mrr:           -1.080000E+24
Mtt:            5.740000E+23
Mpp:            5.010000E+23
Mrt:           -2.890000E+23
Mrp:            2.750000E+23
Mtp:            5.030000E+23
