 PDEW 2011 06 24 17 23 43.70    6.6500  123.5700 597.6 5.0 0.0 MINDANAO, PHILIPPINES
event name:    201106241723A
time shift:           0.8500
half duration:        1.1000
latitude:             6.6700
longitude:          123.4000
depth:              598.2200
Mrr:           -3.250000E+23
Mtt:            3.130000E+22
Mpp:            2.940000E+23
Mrt:           -2.150000E+23
Mrp:           -1.190000E+24
Mtp:            2.370000E+23
