 PDEW 2012 11 12 11 15 09.30   29.6900  137.9900 501.7 5.0 0.0 SOUTHEAST OF HONSHU, JAPAN
event name:    201211121115A
time shift:           2.1700
half duration:        1.8000
latitude:            29.7900
longitude:          137.9100
depth:              506.0000
Mrr:           -3.400000E+24
Mtt:            1.100000E+24
Mpp:            2.300000E+24
Mrt:            6.080000E+23
Mrp:           -3.180000E+24
Mtp:            2.660000E+24
