 PDEW 2012 11 02 01 52 03.30   55.8900  162.8000   9.1 5.5 5.6 NEAR EAST COAST OF KAMCHATKA
event name:    201211020152A
time shift:           5.4600
half duration:        1.5000
latitude:            55.7400
longitude:          163.5600
depth:               22.6800
Mrr:            2.340000E+24
Mtt:           -2.070000E+23
Mpp:           -2.130000E+24
Mrt:            6.170000E+23
Mrp:            1.670000E+24
Mtp:           -5.520000E+23
