 PDEW 2012 11 26 05 33 48.80   40.4100   90.3500  10.0 5.6 5.1 SOUTHERN XINJIANG, CHINA
event name:    201211260533A
time shift:           2.2800
half duration:        0.8000
latitude:            40.6200
longitude:           90.5400
depth:               23.4400
Mrr:            3.480000E+23
Mtt:           -4.700000E+23
Mpp:            1.230000E+23
Mrt:           -1.140000E+23
Mrp:            1.510000E+23
Mtp:           -2.320000E+23
