 PDEW 2012 06 24 07 59 34.90   27.7700  100.7800  10.0 5.5 5.5 YUNNAN, CHINA
event name:    201206240759A
time shift:           0.6400
half duration:        1.5000
latitude:            27.7200
longitude:          100.7500
depth:               12.4700
Mrr:           -2.240000E+24
Mtt:            4.970000E+22
Mpp:            2.190000E+24
Mrt:            8.020000E+23
Mrp:            7.900000E+23
Mtp:           -1.220000E+24
