 PDEW 2012 09 07 03 19 42.50   27.5800  103.9900  10.0 5.6 5.6 YUNNAN, CHINA
event name:    201209070319A
time shift:           1.7900
half duration:        1.5000
latitude:            27.4700
longitude:          104.1200
depth:               12.0000
Mrr:            1.700000E+24
Mtt:            6.940000E+23
Mpp:           -2.390000E+24
Mrt:           -9.720001E+23
Mrp:           -2.310000E+23
Mtp:           -1.780000E+24
