 PDEW 2012 01 24 10 34 19.10    8.5800  126.1000 192.9 5.1 0.0 MINDANAO, PHILIPPINES
event name:    201201241034A
time shift:           0.3200
half duration:        0.9000
latitude:             8.5600
longitude:          126.2600
depth:              201.5400
Mrr:            1.160000E+23
Mtt:            3.860000E+23
Mpp:           -5.020000E+23
Mrt:            3.470000E+23
Mrp:            1.940000E+23
Mtp:            1.790000E+23
