 PDEW 2012 01 29 00 06 52.00    5.9400  124.7300 387.9 5.2 0.0 MINDANAO, PHILIPPINES
event name:    201201290006A
time shift:           0.5400
half duration:        1.2000
latitude:             5.8900
longitude:          124.5700
depth:              384.7100
Mrr:           -3.600000E+23
Mtt:           -3.510000E+23
Mpp:            7.100000E+23
Mrt:           -2.120000E+23
Mrp:           -1.150000E+24
Mtp:           -4.060000E+23
