 PDEW 2012 02 07 13 30 04.80   45.5600  142.2200 314.7 5.0 0.0 HOKKAIDO, JAPAN REGION
event name:    201202071330A
time shift:           0.9500
half duration:        1.0000
latitude:            45.5300
longitude:          142.1800
depth:              317.8400
Mrr:           -2.880000E+23
Mtt:            1.820000E+23
Mpp:            1.060000E+23
Mrt:            7.850000E+23
Mrp:            1.450000E+23
Mtp:           -3.290000E+23
