 PDEW 2012 12 08 14 26 55.80   25.7500  122.3500 291.3 5.1 0.0 TAIWAN REGION
event name:    201212081426A
time shift:           2.1600
half duration:        1.0000
latitude:            25.8100
longitude:          122.2000
depth:              305.6900
Mrr:           -1.220000E+23
Mtt:           -1.260000E+23
Mpp:            2.480000E+23
Mrt:           -1.420000E+23
Mrp:           -6.750000E+23
Mtp:           -3.170000E+23
