 PDEW 2012 12 25 17 08 14.80   31.9800  137.8500 364.9 4.9 0.0 SOUTHEAST OF HONSHU, JAPAN
event name:    201212251708A
time shift:           2.8400
half duration:        1.0000
latitude:            31.9800
longitude:          137.6200
depth:              377.4800
Mrr:           -2.030000E+23
Mtt:            2.510000E+22
Mpp:            1.780000E+23
Mrt:           -3.470000E+23
Mrp:           -7.740000E+23
Mtp:           -7.590000E+22
