 PDEW 2012 07 09 19 25 07.10   29.3800  130.1000  39.2 5.1 5.6 RYUKYU ISLANDS, JAPAN
event name:    201207091925A
time shift:           0.8700
half duration:        1.5000
latitude:            29.2300
longitude:          130.3100
depth:               34.3600
Mrr:            2.640000E+24
Mtt:           -8.120000E+23
Mpp:           -1.830000E+24
Mrt:            9.980000E+23
Mrp:            9.300001E+23
Mtp:           -1.140000E+24
