 PDEW 2012 04 18 05 37 55.90   28.6900  138.7700 493.8 5.1 5.5 BONIN ISLANDS, JAPAN REGION
event name:    201204180537A
time shift:           1.6400
half duration:        1.3000
latitude:            28.7500
longitude:          138.6600
depth:              493.9400
Mrr:           -3.150000E+23
Mtt:            7.290000E+23
Mpp:           -4.140000E+23
Mrt:            4.710000E+23
Mrp:           -1.450000E+24
Mtp:           -7.900000E+23
