 PDEW 2013 04 17 06 42 59.60   24.7700  123.3100   2.8 4.9 5.3 SOUTHWESTERN RYUKYU ISL., JAPAN
event name:    201304170643A
time shift:           3.7800
half duration:        1.1000
latitude:            24.8000
longitude:          123.0900
depth:               12.0000
Mrr:           -1.080000E+24
Mtt:            1.220000E+24
Mpp:           -1.340000E+23
Mrt:            4.390000E+23
Mrp:            3.430000E+23
Mtp:            2.450000E+23
