 PDEW 2013 01 22 13 29 22.90   44.4800  140.9600 234.7 4.9 5.4 EASTERN SEA OF JAPAN
event name:    201301221329A
time shift:           2.7200
half duration:        1.2000
latitude:            44.4500
longitude:          140.8300
depth:              248.2800
Mrr:           -1.030000E+24
Mtt:            9.510000E+21
Mpp:            1.020000E+24
Mrt:            8.480000E+23
Mrp:            2.150000E+23
Mtp:           -9.400001E+23
