 PDEW 2013 08 11 23 58 46.20   30.0800   97.9200  10.0 5.1 0.0 XIZANG
event name:    201308112358A
time shift:           3.0900
half duration:        0.9000
latitude:            30.0200
longitude:           97.9400
depth:               21.2200
Mrr:           -4.730000E+23
Mtt:            3.910000E+23
Mpp:            8.160000E+22
Mrt:           -1.220000E+23
Mrp:            2.910000E+23
Mtp:            3.230000E+23
