 PDEW 2013 05 24 05 44 49.00   54.8900  153.2200 598.1 7.5 8.4 SEA OF OKHOTSK
event name:    201305240544A
time shift:          19.3500
half duration:       35.7000
latitude:            54.6100
longitude:          153.7700
depth:              610.9500
Mrr:           -1.670000E+28
Mtt:            3.820000E+27
Mpp:            1.280000E+28
Mrt:           -7.840000E+27
Mrp:           -3.570000E+28
Mtp:            1.550000E+27
