 PDEW 2013 08 18 22 34 29.60    6.4300  124.6900 379.6 5.2 0.0 MINDANAO, PHILIPPINES
event name:    201308182234A
time shift:           0.3300
half duration:        1.3000
latitude:             6.4900
longitude:          124.6800
depth:              377.5800
Mrr:           -9.100000E+23
Mtt:           -8.450000E+23
Mpp:            1.760000E+24
Mrt:           -2.840000E+23
Mrp:           -1.280000E+24
Mtp:            2.860000E+23
