 PDEW 2013 08 27 20 44 57.80   28.2200   99.3300  43.3 5.0 0.0 YUNNAN, CHINA
event name:    201308272044A
time shift:          -3.1600
half duration:        0.9000
latitude:            28.1400
longitude:           99.5000
depth:               12.2900
Mrr:           -5.580000E+23
Mtt:            7.050000E+23
Mpp:           -1.470000E+23
Mrt:            9.130000E+21
Mrp:           -2.700000E+23
Mtp:           -9.940000E+20
