 PDEW 2013 05 14 00 32 25.90   18.7300  145.2900 602.2 6.2 6.8 MARIANA ISLANDS
event name:    201305140032A
time shift:           3.6500
half duration:        6.3000
latitude:            18.6700
longitude:          145.3500
depth:              604.7200
Mrr:           -1.040000E+26
Mtt:           -5.780000E+25
Mpp:            1.620000E+26
Mrt:           -1.280000E+26
Mrp:            7.830000E+24
Mtp:           -9.720000E+25
