 PDEW 2013 03 29 05 01 09.60   43.4600   86.8500  20.0 5.5 5.5 NORTHERN XINJIANG, CHINA
event name:    201303290501A
time shift:           1.9300
half duration:        1.3000
latitude:            43.5200
longitude:           86.9600
depth:               38.5500
Mrr:           -1.700000E+22
Mtt:           -7.200000E+23
Mpp:            7.360000E+23
Mrt:           -1.170000E+24
Mrp:           -1.290000E+23
Mtp:            1.250000E+24
