 PDEW 2013 01 24 07 35 39.40   49.8000   87.6400  20.1 5.3 0.0 KAZAKHSTAN-XINJIANG BORDER REG.
event name:    201301240735A
time shift:          -2.1000
half duration:        1.0000
latitude:            49.8000
longitude:           87.7500
depth:               19.6200
Mrr:            1.070000E+23
Mtt:           -6.640000E+23
Mpp:            5.570000E+23
Mrt:            2.020000E+23
Mrp:            2.330000E+23
Mtp:           -3.260000E+23
