 PDEW 2013 12 28 19 31 23.80   20.7500  146.6700  11.8 0.0 5.6 MARIANA ISLANDS REGION
event name:    201312281931A
time shift:           5.2000
half duration:        1.5000
latitude:            20.8000
longitude:          146.9600
depth:               14.1100
Mrr:           -2.810000E+24
Mtt:            5.460000E+23
Mpp:            2.270000E+24
Mrt:           -7.670000E+23
Mrp:           -5.780000E+23
Mtp:           -4.650000E+23
