 PDEW 2013 11 27 17 45 51.00   42.0200  141.5900  94.8 0.0 5.0 HOKKAIDO, JAPAN REGION
event name:    201311271745A
time shift:          -0.4600
half duration:        0.8000
latitude:            42.1300
longitude:          141.5200
depth:               98.9400
Mrr:           -4.450000E+23
Mtt:            5.160000E+23
Mpp:           -7.170000E+22
Mrt:            1.410000E+23
Mrp:           -8.180000E+22
Mtp:           -3.000000E+22
