 PDEW 2013 05 19 23 51 33.80   52.3500  160.0400  35.0 5.1 0.0 OFF EAST COAST OF KAMCHATKA
event name:    201305192351A
time shift:          -0.7800
half duration:        0.9000
latitude:            52.1500
longitude:          160.4500
depth:               28.4600
Mrr:            5.360000E+23
Mtt:           -2.140000E+23
Mpp:           -3.220000E+23
Mrt:            3.030000E+23
Mrp:            2.570000E+23
Mtp:           -2.620000E+23
