 PDEW 2015 01 21 06 51 14.40   18.0000  146.5700  77.9 0.0 5.4 MARIANA ISLANDS
event name:    201501210651A
time shift:           1.3300
half duration:        0.9000
latitude:            17.9500
longitude:          146.8600
depth:               78.4700
Mrr:           -3.090000E+23
Mtt:            5.550000E+22
Mpp:            2.540000E+23
Mrt:            6.370000E+22
Mrp:            4.830000E+23
Mtp:           -1.480000E+23
