 PDEW 2015 03 12 07 49 59.60   13.0900  145.5100  15.0 0.0 5.3 MARIANA ISLANDS
event name:    201503120750A
time shift:           4.9200
half duration:        0.9000
latitude:            12.9700
longitude:          145.6200
depth:               18.1100
Mrr:            5.590000E+23
Mtt:           -2.690000E+23
Mpp:           -2.890000E+23
Mrt:            7.790000E+22
Mrp:            1.710000E+23
Mtp:           -4.260000E+23
