 PDEW 2015 08 02 13 08 46.00    8.1800  123.8600 602.9 0.0 5.2 MINDANAO, PHILIPPINES
event name:    201508021308A
time shift:           3.5600
half duration:        1.0000
latitude:             8.3400
longitude:          123.9400
depth:              619.7900
Mrr:           -4.370000E+23
Mtt:           -1.020000E+23
Mpp:            5.390000E+23
Mrt:           -5.590000E+23
Mrp:            2.100000E+23
Mtp:           -5.260000E+22
