 PDEW 2015 06 10 08 33 03.80   39.6800  143.3200  31.0 0.0 5.8 OFF EAST COAST OF HONSHU, JAPAN
event name:    201506100833A
time shift:          10.6300
half duration:        1.7000
latitude:            39.6600
longitude:          143.6400
depth:               22.0200
Mrr:            3.160000E+24
Mtt:           -1.800000E+23
Mpp:           -2.980000E+24
Mrt:            1.320000E+24
Mrp:            2.780000E+24
Mtp:           -6.350000E+23
