 PDEW 2015 01 14 12 09 35.50   48.9300  141.9800 577.0 0.0 5.0 SAKHALIN, RUSSIA
event name:    201501141209A
time shift:           2.0700
half duration:        1.0000
latitude:            48.9400
longitude:          141.9700
depth:              591.3800
Mrr:           -6.170000E+23
Mtt:           -2.800000E+23
Mpp:            8.980000E+23
Mrt:           -5.410000E+23
Mrp:           -4.980000E+22
Mtp:            1.950000E+23
