 PDEW 2015 07 03 06 43 21.50   10.1700  125.8900  32.0 0.0 6.1 LEYTE, PHILIPPINES
event name:    201507030643A
time shift:           2.8700
half duration:        2.8000
latitude:            10.0800
longitude:          126.2500
depth:               43.8300
Mrr:            1.600000E+25
Mtt:            2.180000E+24
Mpp:           -1.820000E+25
Mrt:            3.290000E+24
Mrp:            6.480000E+24
Mtp:            9.340000E+23
