 PDEW 2015 02 26 01 11 23.80   38.4800  142.0400  52.0 0.0 5.0 NEAR EAST COAST OF HONSHU, JAPAN
event name:    201502260111A
time shift:           2.7800
half duration:        0.9000
latitude:            38.4100
longitude:          142.0000
depth:               35.8900
Mrr:            9.520000E+22
Mtt:           -1.030000E+23
Mpp:            8.270000E+21
Mrt:            1.840000E+21
Mrp:           -4.860000E+23
Mtp:           -2.960000E+23
