 PDEW 2015 03 01 10 24 41.40   23.5700   98.8500  10.0 0.0 5.2 MYANMAR-CHINA BORDER REGION
event name:    201503011024A
time shift:           1.6300
half duration:        1.0000
latitude:            23.4900
longitude:           99.0400
depth:               18.3000
Mrr:            3.180000E+22
Mtt:           -6.330000E+23
Mpp:            6.010000E+23
Mrt:            3.470000E+21
Mrp:            4.430000E+23
Mtp:            5.970000E+23
