 PDEW 2015 06 08 06 01 08.30   41.5600  142.0300  42.0 0.0 6.1 HOKKAIDO, JAPAN REGION
event name:    201506080601A
time shift:           6.2400
half duration:        2.6000
latitude:            41.4900
longitude:          142.2400
depth:               54.0300
Mrr:            1.190000E+25
Mtt:           -6.040000E+23
Mpp:           -1.120000E+25
Mrt:            3.940000E+24
Mrp:            8.570000E+24
Mtp:           -3.660000E+24
