 PDEW 2016 01 27 01 24 30.50    8.3100  137.7600  10.0 0.0 5.1 W. CAROLINE ISLANDS, MICRONESIA
event name:    201601270124A
time shift:           3.5400
half duration:        0.8000
latitude:             8.3700
longitude:          137.5400
depth:               13.6500
Mrr:            4.400000E+23
Mtt:           -1.300000E+23
Mpp:           -3.100000E+23
Mrt:            4.970000E+22
Mrp:            3.690000E+22
Mtp:           -2.470000E+23
