 PDEW 2016 05 11 01 15 47.20   32.0200   95.0300   8.0 0.0 5.2 XIZANG
event name:    201605110115A
time shift:           2.4800
half duration:        1.4000
latitude:            31.8700
longitude:           95.1200
depth:               17.1000
Mrr:           -1.760000E+24
Mtt:           -8.980000E+22
Mpp:            1.850000E+24
Mrt:           -3.870000E+23
Mrp:           -3.960000E+23
Mtp:            1.250000E+24
