 PDEW 2016 06 28 09 32 30.80   55.1500  159.6200  10.0 0.0 5.3 KAMCHATKA PENINSULA, RUSSIA
event name:    201606280932A
time shift:           3.4400
half duration:        0.9000
latitude:            55.2400
longitude:          159.6300
depth:               13.2700
Mrr:           -3.850000E+23
Mtt:            5.060000E+23
Mpp:           -1.210000E+23
Mrt:            3.330000E+23
Mrp:           -1.730000E+23
Mtp:           -3.910000E+22
