 PDEW 2016 05 24 22 20 17.70   18.5700  145.2500 517.0 0.0 4.8 MARIANA ISLANDS
event name:    201605242220A
time shift:           0.9700
half duration:        0.9000
latitude:            18.5600
longitude:          145.2100
depth:              524.4500
Mrr:           -6.190000E+23
Mtt:            3.400000E+23
Mpp:            2.790000E+23
Mrt:            1.840000E+22
Mrp:            3.890000E+23
Mtp:            8.540000E+22
