 PDEW 2016 09 12 11 32 55.80   35.7800  129.2200  13.0 0.0 5.4 SOUTH KOREA
event name:    201609121132A
time shift:           1.1800
half duration:        1.4000
latitude:            35.7900
longitude:          129.1200
depth:               20.0600
Mrr:            2.280000E+23
Mtt:            1.550000E+24
Mpp:           -1.780000E+24
Mrt:            7.240000E+23
Mrp:           -2.590000E+23
Mtp:            1.390000E+24
