 PDEW 2016 09 03 12 26 43.50   31.4500  138.4900 326.7 0.0 5.0 SOUTHEAST OF HONSHU, JAPAN
event name:    201609031226A
time shift:           2.7200
half duration:        1.3000
latitude:            31.7800
longitude:          137.9600
depth:              343.3800
Mrr:           -2.380000E+23
Mtt:           -2.990000E+23
Mpp:            5.360000E+23
Mrt:           -1.470000E+24
Mrp:           -1.370000E+24
Mtp:           -3.870000E+22
