 PDEW 2017 12 18 23 28 29.20   30.7000  132.0400  15.4 0.0 5.2 SOUTHEAST OF SHIKOKU, JAPAN
event name:    201712182328A
time shift:           0.5800
half duration:        0.9000
latitude:            30.7800
longitude:          131.7600
depth:               12.0000
Mrr:           -2.210000E+23
Mtt:            9.630000E+21
Mpp:            2.110000E+23
Mrt:            8.600000E+22
Mrp:            4.730000E+23
Mtp:            1.090000E+23
