 PDEW 2017 03 13 08 49 05.30   14.3900  145.2100  99.0 0.0 5.5 MARIANA ISLANDS
event name:    201703130849A
time shift:           2.4400
half duration:        1.5000
latitude:            14.3200
longitude:          145.3100
depth:              107.6200
Mrr:           -1.550000E+24
Mtt:            1.280000E+24
Mpp:            2.760000E+23
Mrt:            9.260001E+23
Mrp:           -2.020000E+24
Mtp:           -8.200000E+23
