 PDEW 2017 06 15 03 11 06.60   19.7900  122.5000 187.2 0.0 5.1 PHILIPPINE ISLANDS REGION
event name:    201706150311A
time shift:           2.7600
half duration:        0.9000
latitude:            19.8700
longitude:          122.5000
depth:              188.9900
Mrr:           -2.790000E+23
Mtt:            3.500000E+23
Mpp:           -7.130000E+22
Mrt:           -3.730000E+23
Mrp:            1.950000E+23
Mtp:            5.110000E+23
