 PDEW 2017 08 08 05 49 36.50   26.4800  127.1700  30.3 0.0 5.1 RYUKYU ISLANDS, JAPAN
event name:    201708080549A
time shift:          -1.2500
half duration:        0.9000
latitude:            26.4700
longitude:          126.8400
depth:               17.6700
Mrr:           -5.230000E+23
Mtt:            3.380000E+23
Mpp:            1.860000E+23
Mrt:            1.470000E+23
Mrp:            3.970000E+23
Mtp:            2.610000E+23
