 PDEW 2017 12 21 01 56 53.30   29.2900  142.5400   7.8 0.0 5.2 SOUTHEAST OF HONSHU, JAPAN
event name:    201712210156A
time shift:           1.6000
half duration:        1.0000
latitude:            29.1700
longitude:          142.6700
depth:               12.9000
Mrr:            7.940000E+23
Mtt:            2.170000E+22
Mpp:           -8.160000E+23
Mrt:            3.980000E+22
Mrp:            1.080000E+23
Mtp:           -6.560000E+22
