 PDEW 2017 07 06 08 03 57.50   11.1300  124.6300   9.0 0.0 6.5 LEYTE, PHILIPPINES
event name:    201707060803A
time shift:           3.1400
half duration:        4.2000
latitude:            11.1500
longitude:          124.6800
depth:               12.0000
Mrr:           -9.500000E+24
Mtt:            6.470000E+25
Mpp:           -5.520000E+25
Mrt:           -9.900000E+24
Mrp:           -5.730000E+24
Mtp:           -2.360000E+25
