 PDEW 2017 02 16 21 44 05.10   18.7400  145.1500 345.6 0.0 5.0 MARIANA ISLANDS
event name:    201702162144A
time shift:           0.2300
half duration:        0.8000
latitude:            18.4100
longitude:          145.2300
depth:              355.4300
Mrr:           -4.330000E+23
Mtt:            8.610000E+22
Mpp:            3.470000E+23
Mrt:           -1.640000E+23
Mrp:           -8.920000E+22
Mtp:           -1.810000E+23
