 PDEW 2018 02 13 02 39 51.90   12.3500   93.1600  57.5 0.0 5.2 ANDAMAN ISLANDS, INDIA REGION
event name:    201802130239A
time shift:           0.5800
half duration:        1.0000
latitude:            12.3400
longitude:           93.1500
depth:               73.6800
Mrr:            3.710000E+23
Mtt:           -6.890000E+23
Mpp:            3.180000E+23
Mrt:           -3.210000E+23
Mrp:           -3.480000E+23
Mtp:            2.120000E+23
