 PDEW 2018 04 12 07 56 53.10   43.6700  139.5400 216.6 0.0 5.3 EASTERN SEA OF JAPAN
event name:    201804120756A
time shift:           1.5600
half duration:        1.0000
latitude:            43.7000
longitude:          139.5200
depth:              225.9900
Mrr:            4.360000E+23
Mtt:           -6.440000E+23
Mpp:            2.090000E+23
Mrt:           -6.170000E+23
Mrp:           -3.480000E+23
Mtp:           -1.220000E+23
