 PDEW 2018 02 12 00 52 33.30    6.0900  133.6600  10.0 0.0 5.0 W. CAROLINE ISLANDS, MICRONESIA
event name:    201802120052A
time shift:           2.7700
half duration:        0.9000
latitude:             6.1100
longitude:          133.5900
depth:               17.0300
Mrr:            6.200000E+23
Mtt:           -1.140000E+23
Mpp:           -5.060000E+23
Mrt:           -1.920000E+22
Mrp:           -3.100000E+22
Mtp:           -1.500000E+23
