 PDEW 2018 01 03 21 30 21.90   29.6400  140.5200   9.5 0.0 5.5 SOUTHEAST OF HONSHU, JAPAN
event name:    201801032130A
time shift:           1.9200
half duration:        1.3000
latitude:            29.6600
longitude:          140.3000
depth:               12.0000
Mrr:           -1.500000E+24
Mtt:            5.350000E+23
Mpp:            9.670000E+23
Mrt:            9.940001E+22
Mrp:            9.880000E+23
Mtp:           -6.710001E+23
