 PDEW 2018 04 13 21 46 53.40   46.5400  150.8700 106.4 0.0 5.0 KURIL ISLANDS
event name:    201804132146A
time shift:           2.6800
half duration:        0.8000
latitude:            46.4800
longitude:          151.1900
depth:              111.1000
Mrr:           -1.600000E+23
Mtt:            1.820000E+23
Mpp:           -2.260000E+22
Mrt:           -3.040000E+23
Mrp:           -4.110000E+23
Mtp:           -9.560000E+22
