 PDEW 2008 08 15 10 25 16.50   12.9000  124.3200  10.0 5.8 6.0 SAMAR, PHILIPPINES
event name:    200808151025A
time shift:           2.5100
half duration:        2.4000
latitude:            13.0700
longitude:          124.3700
depth:                9.7857
Mrr:           -2.908590E+24
Mtt:            8.559520E+24
Mpp:           -5.650920E+24
Mrt:           -1.303280E+24
Mrp:            1.818970E+24
Mtp:            7.696880E+24
