 PDEW 2008 11 10 01 22 02.60   37.5600   95.8300  19.0 6.4 6.4 QINGHAI, CHINA
event name:    200811100122A
time shift:           7.6300
half duration:        3.6000
latitude:            37.5133
longitude:           95.7597
depth:               23.9450
Mrr:            2.031030E+25
Mtt:           -2.521790E+25
Mpp:            4.907590E+24
Mrt:            1.784820E+25
Mrp:           -4.997230E+24
Mtp:            7.168700E+23
