 PDEW 2009 04 21 05 26 11.50   50.8300  155.0100 152.0 6.0 6.2 KURIL ISLANDS
event name:    200904210526A
time shift:           3.5700
half duration:        3.0000
latitude:            50.6400
longitude:          155.5900
depth:              151.8400
Mrr:           -2.160000E+22
Mtt:           -5.290000E+24
Mpp:            5.310000E+24
Mrt:           -1.150000E+25
Mrp:           -1.990000E+25
Mtp:           -5.380000E+24
