 PDEW 2009 09 21 19 38 42.30   20.4000   94.7900  84.2 5.6 5.7 MYANMAR
event name:    200909211938A
time shift:           1.9400
half duration:        1.7000
latitude:            20.1438
longitude:           94.8651
depth:               74.1252
Mrr:            1.588660E+23
Mtt:           -2.108350E+24
Mpp:            1.949480E+24
Mrt:            2.364810E+24
Mrp:           -2.419270E+24
Mtp:            6.852100E+22
