 PDEW 2010 02 06 04 44 58.40   46.8400  152.7300  30.0 5.9 6.0 KURIL ISLANDS
event name:    201002060444A
time shift:           6.4900
half duration:        2.4000
latitude:            46.6577
longitude:          152.9555
depth:               48.6020
Mrr:            7.162360E+24
Mtt:           -8.183200E+24
Mpp:            1.020830E+24
Mrt:            7.165610E+24
Mrp:           -2.423100E+24
Mtp:           -3.696870E+24
