 PDEW 2012 12 22 16 41 45.70   22.4400   94.7800 134.4 5.4 5.5 MYANMAR
event name:    201212221641A
time shift:           1.2100
half duration:        1.4000
latitude:            22.2900
longitude:           94.8000
depth:              142.1700
Mrr:            7.450000E+23
Mtt:           -1.250000E+24
Mpp:            5.060000E+23
Mrt:           -1.480000E+24
Mrp:           -6.930000E+23
Mtp:            8.990000E+23
