 PDEW 2012 08 08 07 11 01.90   25.8700  124.9200 133.1 5.5 5.4 NORTHEAST OF TAIWAN
event name:    201208080711A
time shift:           0.2000
half duration:        1.2000
latitude:            25.7700
longitude:          125.0600
depth:              140.6000
Mrr:           -5.810000E+23
Mtt:           -5.000000E+23
Mpp:            1.080000E+24
Mrt:           -1.010000E+24
Mrp:           -5.470000E+23
Mtp:           -6.690000E+23
