 PDEW 2013 04 05 13 00 02.10   42.7400  131.0000 563.3 6.2 6.4 E. RUSSIA-N.E. CHINA BORDER REG.
event name:    201304051300A
time shift:           2.8600
half duration:        3.3000
latitude:            42.7700
longitude:          131.0200
depth:              571.8700
Mrr:            6.560000E+24
Mtt:           -2.500000E+24
Mpp:           -4.070000E+24
Mrt:            1.030000E+24
Mrp:           -3.090000E+25
Mtp:            4.510000E+24
