 PDEW 2015 04 15 07 39 27.20   39.7500  106.4000  10.0 0.0 5.4 WESTERN NEI MONGOL, CHINA
event name:    201504150739A
time shift:           2.0300
half duration:        1.3000
latitude:            39.7400
longitude:          106.3900
depth:               25.6000
Mrr:           -8.900000E+22
Mtt:           -2.220000E+23
Mpp:            3.110000E+23
Mrt:            3.110000E+23
Mrp:           -6.680001E+22
Mtp:            2.000000E+24
