 PDEW 2015 05 02 16 50 43.00   31.5300  140.2100  10.0 0.0 5.7 SOUTHEAST OF HONSHU, JAPAN
event name:    201505021650A
time shift:           6.7200
half duration:        1.8000
latitude:            31.4700
longitude:          139.9400
depth:               12.0000
Mrr:            4.440000E+24
Mtt:           -2.730000E+24
Mpp:           -1.720000E+24
Mrt:           -1.060000E+24
Mrp:           -2.810000E+24
Mtp:           -8.260000E+23
