 PDEW 2016 08 14 11 15 15.00   50.4700  142.2700  11.0 0.0 5.7 SAKHALIN, RUSSIA
event name:    201608141115A
time shift:           2.1700
half duration:        1.9000
latitude:            50.4500
longitude:          142.3000
depth:               12.4700
Mrr:            4.280000E+24
Mtt:           -5.010000E+23
Mpp:           -3.780000E+24
Mrt:            6.340000E+23
Mrp:           -3.220000E+24
Mtp:            2.010000E+24
