 PDEW 2016 05 03 00 00 51.70   43.6900  147.5000  61.0 0.0 5.7 KURIL ISLANDS
event name:    201605030000A
time shift:           2.0400
half duration:        1.8000
latitude:            43.6600
longitude:          147.6500
depth:               74.1300
Mrr:           -9.010000E+23
Mtt:            2.990000E+24
Mpp:           -2.090000E+24
Mrt:            2.660000E+24
Mrp:            1.870000E+24
Mtp:           -2.630000E+24
