 PDEW 2016 04 18 11 42 00.20   33.0100  131.1000  10.5 0.0 5.5 KYUSHU, JAPAN
event name:    201604181142A
time shift:           1.7700
half duration:        1.4000
latitude:            33.0000
longitude:          131.1200
depth:               13.2400
Mrr:            9.750000E+22
Mtt:            2.210000E+24
Mpp:           -2.310000E+24
Mrt:            1.590000E+23
Mrp:           -5.120000E+23
Mtp:            8.830000E+22
