 PDEW 2016 01 02 04 22 19.60   44.8100  129.9400 585.5 0.0 5.8 NORTHEASTERN CHINA
event name:    201601020422A
time shift:           1.6100
half duration:        2.0000
latitude:            44.8300
longitude:          129.7500
depth:              587.4200
Mrr:            2.430000E+24
Mtt:            8.000000E+23
Mpp:           -3.230000E+24
Mrt:           -3.500000E+24
Mrp:           -3.660000E+24
Mtp:           -4.050000E+24
