 PDEW 2017 12 31 03 48 57.40   29.6800  129.3000 162.8 0.0 5.0 RYUKYU ISLANDS, JAPAN
event name:    201712310348A
time shift:           2.1400
half duration:        0.9000
latitude:            29.6500
longitude:          129.3900
depth:              177.4300
Mrr:            3.390000E+23
Mtt:           -4.380000E+22
Mpp:           -2.950000E+23
Mrt:            1.540000E+23
Mrp:            5.760000E+23
Mtp:            2.240000E+23
