 PDEW 2017 03 05 00 08 18.00    9.8300  125.5000  10.5 0.0 5.7 MINDANAO, PHILIPPINES
event name:    201703050008A
time shift:           4.5300
half duration:        1.8000
latitude:             9.8400
longitude:          125.4800
depth:               20.3300
Mrr:           -1.380000E+23
Mtt:            3.310000E+24
Mpp:           -3.170000E+24
Mrt:           -1.750000E+24
Mrp:           -1.870000E+24
Mtp:           -2.480000E+24
