 PDEW 2017 05 22 11 00 58.00   43.9200  147.7200  54.0 0.0 5.5 KURIL ISLANDS
event name:    201705221100A
time shift:           1.3000
half duration:        1.5000
latitude:            43.8800
longitude:          147.8500
depth:               54.9700
Mrr:            1.560000E+24
Mtt:            1.090000E+24
Mpp:           -2.650000E+24
Mrt:            1.550000E+24
Mrp:            7.910000E+23
Mtp:           -8.540000E+23
