 PDEW 2007 12 07 00 47 37.60   29.9300  141.0000  85.5 5.8 5.9 SOUTHEAST OF HONSHU, JAPAN
event name:    200712070047A
time shift:           1.6700
half duration:        2.1000
latitude:            30.0200
longitude:          141.2400
depth:               83.0805
Mrr:            2.809420E+24
Mtt:            4.977440E+23
Mpp:           -3.307170E+24
Mrt:           -3.351340E+24
Mrp:            2.183180E+24
Mtp:           -5.597260E+24
