 PDEW 2007 11 27 04 27 00.60   16.0800  119.8500  52.5 5.9 5.9 LUZON, PHILIPPINES
event name:    200711270427A
time shift:           1.6100
half duration:        2.1000
latitude:            16.2345
longitude:          119.7742
depth:               40.3165
Mrr:            6.751330E+24
Mtt:           -2.743870E+23
Mpp:           -6.476940E+24
Mrt:           -8.668790E+23
Mrp:            4.393980E+24
Mtp:           -8.285670E+23
