 PDEW 2007 12 27 17 52 16.60    9.6000  126.1400  77.1 5.5 0.0 MINDANAO, PHILIPPINES
event name:    200712271752A
time shift:          -2.2700
half duration:        1.0000
latitude:             9.6892
longitude:          126.4201
depth:               43.7307
Mrr:            4.725100E+23
Mtt:            7.671930E+22
Mpp:           -5.492300E+23
Mrt:            1.540500E+23
Mrp:            1.112480E+23
Mtp:            1.570730E+23
