 PDEW 2008 04 23 18 28 41.90   22.8800  121.6200  10.0 5.6 6.0 TAIWAN REGION
event name:    200804231828A
time shift:           3.1800
half duration:        2.4000
latitude:            22.8500
longitude:          121.6400
depth:                6.3996
Mrr:           -1.323200E+24
Mtt:            6.773440E+24
Mpp:           -5.450250E+24
Mrt:            2.165820E+24
Mrp:            3.667710E+24
Mtp:           -6.644960E+24
