 PDEW 2008 06 28 12 54 46.40   10.8500   91.7100  15.0 5.9 6.1 ANDAMAN ISLANDS, INDIA REGION
event name:    200806281254A
time shift:           3.9100
half duration:        2.7000
latitude:            10.8838
longitude:           91.8010
depth:                9.5565
Mrr:           -1.449350E+25
Mtt:            6.503700E+23
Mpp:            1.384310E+25
Mrt:            8.984990E+24
Mrp:           -6.116250E+24
Mtp:            4.655680E+24
