 PDEW 2008 05 07 16 02 02.60   36.1800  141.5400  19.0 5.7 6.2 NEAR EAST COAST OF HONSHU, JAPAN
event name:    200805071602A
time shift:           4.6900
half duration:        3.0000
latitude:            36.1291
longitude:          141.8656
depth:               21.3303
Mrr:            1.462090E+25
Mtt:           -1.621450E+24
Mpp:           -1.299950E+25
Mrt:            6.488490E+24
Mrp:            1.760080E+25
Mtp:           -4.862770E+24
