 PDEW 2008 09 22 07 31 59.20   41.5800  140.4500 149.0 5.3 5.7 HOKKAIDO, JAPAN REGION
event name:    200809220731A
time shift:           2.5500
half duration:        1.6000
latitude:            41.4685
longitude:          140.5017
depth:              145.1055
Mrr:           -2.079260E+24
Mtt:            1.917640E+24
Mpp:            1.616200E+23
Mrt:           -5.799750E+23
Mrp:            1.482750E+24
Mtp:            2.234460E+24
