 PDEW 2008 08 05 09 49 17.30   32.7600  105.4900   6.0 5.9 6.0 SICHUAN, CHINA
event name:    200808050949A
time shift:           3.1000
half duration:        2.3000
latitude:            32.6947
longitude:          105.5676
depth:                1.4055
Mrr:            1.019670E+25
Mtt:           -1.728170E+24
Mpp:           -8.468550E+24
Mrt:            2.982950E+24
Mrp:           -3.092000E+22
Mtp:            2.534380E+24
