 PDEW 2008 06 01 01 57 24.30   20.1300  121.3700  35.0 6.0 6.3 PHILIPPINE ISLANDS REGION
event name:    200806010157A
time shift:           2.8800
half duration:        3.6000
latitude:            20.1714
longitude:          121.1923
depth:               30.0765
Mrr:            1.788940E+25
Mtt:            8.031410E+24
Mpp:           -2.592080E+25
Mrt:           -9.981770E+24
Mrp:           -2.239870E+25
Mtp:           -7.526390E+24
