 PDEW 2008 10 01 09 38 12.30   30.1700  138.7800 413.5 5.1 5.7 SOUTHEAST OF HONSHU, JAPAN
event name:    200810010938A
time shift:           1.5400
half duration:        1.8000
latitude:            30.2100
longitude:          138.8800
depth:              393.7700
Mrr:           -2.475190E+24
Mtt:            2.742420E+24
Mpp:           -2.672300E+23
Mrt:            7.442690E+23
Mrp:           -3.149640E+24
Mtp:           -1.855240E+24
