 PDEW 2008 12 20 10 29 23.10   36.5400  142.4300  19.0 6.0 6.3 OFF EAST COAST OF HONSHU, JAPAN
event name:    200812201029A
time shift:           6.1300
half duration:        3.6000
latitude:            36.5600
longitude:          142.5400
depth:                2.3938
Mrr:            2.665970E+25
Mtt:            3.423250E+24
Mpp:           -3.008290E+25
Mrt:           -1.767190E+25
Mrp:            2.389370E+25
Mtp:           -1.994420E+24
