 PDEW 2008 09 11 00 20 50.90   41.8900  143.7500  25.0 6.1 7.0 HOKKAIDO, JAPAN REGION
event name:    200809110020A
time shift:           5.1800
half duration:        6.5000
latitude:            41.8448
longitude:          144.0254
depth:               14.4981
Mrr:            8.859410E+25
Mtt:           -3.671280E+25
Mpp:           -5.188150E+25
Mrt:            1.045900E+26
Mrp:            1.781580E+26
Mtp:           -5.989800E+25
