 PDEW 2008 03 14 22 32 09.60   26.9900  142.6000  11.0 5.7 6.0 BONIN ISLANDS, JAPAN REGION
event name:    200803142232A
time shift:           2.8900
half duration:        2.4000
latitude:            26.8800
longitude:          143.0000
depth:               11.0999
Mrr:            9.461880E+24
Mtt:            9.231600E+23
Mpp:           -1.038500E+25
Mrt:            1.449520E+24
Mrp:            9.868060E+24
Mtp:           -2.985500E+23
