 PDEW 2008 08 27 01 35 32.20   51.6100  104.1600  16.0 5.8 6.2 LAKE BAYKAL REGION, RUSSIA
event name:    200808270135A
time shift:           6.4100
half duration:        3.4000
latitude:            51.7641
longitude:          104.0117
depth:               19.6052
Mrr:           -1.481490E+25
Mtt:            2.247060E+25
Mpp:           -7.655730E+24
Mrt:           -1.096620E+25
Mrp:            1.083160E+25
Mtp:            1.085740E+25
