 PDEW 2008 06 13 23 43 45.40   39.0300  140.8800   7.8 6.5 7.0 EASTERN HONSHU, JAPAN
event name:    200806132343A
time shift:           7.7600
half duration:        6.7000
latitude:            39.0300
longitude:          140.8500
depth:                7.8129
Mrr:            2.434930E+26
Mtt:           -2.370570E+25
Mpp:           -2.197880E+26
Mrt:           -1.694280E+25
Mrp:           -3.139950E+25
Mtp:           -5.436250E+25
