 PDEW 2009 09 18 11 53 48.00    6.5100  124.7100  10.0 5.4 5.7 MINDANAO, PHILIPPINES
event name:    200909181153A
time shift:           3.8100
half duration:        1.7000
latitude:             6.5449
longitude:          124.6542
depth:               11.9210
Mrr:           -5.527680E+23
Mtt:            2.760240E+24
Mpp:           -2.207470E+24
Mrt:           -2.219040E+23
Mrp:           -1.186090E+24
Mtp:           -1.456890E+24
