 PDEW 2009 08 22 13 18 36.00   46.4200  149.9100 179.3 5.0 0.0 KURIL ISLANDS
event name:    200908221318A
time shift:           1.2300
half duration:        0.9000
latitude:            46.3300
longitude:          150.2100
depth:              162.7900
Mrr:            9.110000E+22
Mtt:            2.680000E+23
Mpp:           -3.590000E+23
Mrt:            3.950000E+23
Mrp:            2.520000E+23
Mtp:           -4.330000E+22
