 PDEW 2009 04 20 07 22 37.90   27.1000  129.9000  10.0 5.3 0.0 RYUKYU ISLANDS, JAPAN
event name:    200904200722A
time shift:           3.0900
half duration:        0.8000
latitude:            27.0900
longitude:          129.9100
depth:               12.0000
Mrr:           -4.160000E+23
Mtt:            6.530000E+22
Mpp:            3.500000E+23
Mrt:            7.030000E+22
Mrp:            8.099999E+22
Mtp:            3.150000E+23
