 PDEW 2009 11 11 13 48 19.20    9.3600  125.5300  23.6 5.5 5.7 MINDANAO, PHILIPPINES
event name:    200911111348A
time shift:           3.0400
half duration:        1.8000
latitude:             9.3755
longitude:          125.6699
depth:                7.5718
Mrr:           -1.561810E+23
Mtt:            1.730480E+24
Mpp:           -1.574300E+24
Mrt:           -6.473660E+23
Mrp:           -1.190930E+24
Mtp:           -3.727480E+24
