 PDEW 2009 12 19 13 02 17.10   23.8000  121.6100  57.2 6.2 6.4 TAIWAN
event name:    200912191302A
time shift:           3.2200
half duration:        4.0000
latitude:            23.7131
longitude:          121.6307
depth:               43.0927
Mrr:            2.641860E+25
Mtt:           -7.723040E+24
Mpp:           -1.869560E+25
Mrt:            1.791230E+24
Mrp:            4.218150E+25
Mtp:           -2.309430E+25
