 PDEW 2009 07 10 09 02 03.70   25.6700  101.0300  10.0 5.0 0.0 YUNNAN, CHINA
event name:    200907100902A
time shift:           0.2800
half duration:        0.9000
latitude:            25.5400
longitude:          101.1000
depth:               14.8600
Mrr:            6.120000E+22
Mtt:           -4.750000E+23
Mpp:            4.140000E+23
Mrt:           -5.640000E+22
Mrp:            6.270000E+22
Mtp:           -4.930000E+23
