 PDEW 2009 04 23 02 11 43.10   55.8500  161.0700 137.0 5.0 0.0 NEAR EAST COAST OF KAMCHATKA
event name:    200904230211A
time shift:           4.1600
half duration:        0.9000
latitude:            55.8300
longitude:          161.5300
depth:              147.4800
Mrr:            3.400000E+23
Mtt:           -1.670000E+23
Mpp:           -1.730000E+23
Mrt:           -2.090000E+22
Mrp:            6.240000E+23
Mtp:            2.340000E+23
