 PDEW 2009 08 03 14 18 29.30   18.9800  145.4000 233.2 4.8 0.0 MARIANA ISLANDS
event name:    200908031418A
time shift:           1.5400
half duration:        1.0000
latitude:            19.0000
longitude:          145.5400
depth:              230.5400
Mrr:            2.480000E+23
Mtt:            1.980000E+23
Mpp:           -4.460000E+23
Mrt:           -3.460000E+23
Mrp:           -2.800000E+23
Mtp:            5.120000E+23
