 PDEW 2009 08 26 22 20 53.00    9.3800  124.0200 571.4 5.3 0.0 MINDANAO, PHILIPPINES
event name:    200908262220A
time shift:          -0.1400
half duration:        1.1000
latitude:             9.4000
longitude:          124.0700
depth:              572.5800
Mrr:           -9.210001E+23
Mtt:            4.020000E+23
Mpp:            5.180000E+23
Mrt:           -3.100000E+23
Mrp:            6.920000E+23
Mtp:           -3.970000E+23
