 PDEW 2009 09 11 20 57 30.90   23.6700  142.2500 101.2 5.1 0.0 VOLCANO ISLANDS, JAPAN REGION
event name:    200909112057A
time shift:           0.7300
half duration:        1.0000
latitude:            23.7437
longitude:          142.3291
depth:               82.4152
Mrr:            2.715270E+23
Mtt:           -5.794100E+23
Mpp:            3.078830E+23
Mrt:           -3.441080E+23
Mrp:            2.991930E+23
Mtp:           -3.500290E+23
