 PDEW 2009 12 28 00 12 48.40   43.2600  144.5300  71.7 5.2 0.0 HOKKAIDO, JAPAN REGION
event name:    200912280012A
time shift:           2.7500
half duration:        0.7000
latitude:            43.2800
longitude:          144.4900
depth:               99.4563
Mrr:            3.070810E+22
Mtt:            1.410470E+23
Mpp:           -1.717560E+23
Mrt:           -1.274020E+22
Mrp:           -2.658250E+23
Mtp:           -9.617340E+22
