 PDEW 2009 08 17 00 05 49.00   23.5000  123.5000  20.0 6.2 6.7 SOUTHWESTERN RYUKYU ISL., JAPAN
event name:    200908170005A
time shift:           4.1100
half duration:        5.2000
latitude:            23.2900
longitude:          123.5700
depth:               16.2778
Mrr:           -1.636300E+24
Mtt:            1.147410E+26
Mpp:           -1.131040E+26
Mrt:            5.993620E+25
Mrp:            1.452420E+25
Mtp:            5.363800E+24
