 PDEW 2009 07 10 00 49 11.10   47.9100  148.2600 389.0 5.3 0.0 NORTHWEST OF KURIL ISLANDS
event name:    200907100049A
time shift:           2.4800
half duration:        1.2000
latitude:            47.7800
longitude:          148.3900
depth:              387.6600
Mrr:            8.110000E+22
Mtt:            7.590000E+22
Mpp:           -1.570000E+23
Mrt:            4.490000E+23
Mrp:           -1.240000E+24
Mtp:           -2.050000E+23
