 PDEW 2009 12 17 20 41 30.70   36.3700  139.4800  91.7 5.3 0.0 EASTERN HONSHU, JAPAN
event name:    200912172041A
time shift:           0.3800
half duration:        0.9000
latitude:            36.4500
longitude:          139.7200
depth:               78.7863
Mrr:            2.353910E+23
Mtt:           -2.475490E+23
Mpp:            1.215820E+22
Mrt:           -4.185700E+23
Mrp:           -1.945050E+23
Mtp:           -9.465320E+22
