 PDEW 2009 08 12 20 04 25.00    6.0400  126.3800  95.7 5.6 5.7 MINDANAO, PHILIPPINES
event name:    200908122004A
time shift:           2.6300
half duration:        1.8000
latitude:             6.0058
longitude:          126.5361
depth:               91.8588
Mrr:            1.263430E+24
Mtt:            1.086880E+24
Mpp:           -2.350320E+24
Mrt:           -1.055650E+24
Mrp:            3.069670E+24
Mtp:           -1.472450E+24
