 PDEW 2010 05 31 10 16 02.40    6.9500  124.0000  35.0 5.7 5.9 MINDANAO, PHILIPPINES
event name:    201005311016A
time shift:           0.9900
half duration:        2.3000
latitude:             6.9100
longitude:          123.9300
depth:               24.0102
Mrr:           -3.207470E+24
Mtt:            3.771040E+24
Mpp:           -5.635660E+23
Mrt:           -4.062780E+24
Mrp:           -3.846980E+24
Mtp:           -5.474080E+24
