 PDEW 2010 04 13 23 49 38.30   33.1700   96.5500  17.0 6.5 7.0 QINGHAI, CHINA
event name:    201004132349A
time shift:           7.5500
half duration:        6.6000
latitude:            33.0507
longitude:           96.7875
depth:               10.7442
Mrr:           -2.305720E+25
Mtt:            1.698050E+26
Mpp:           -1.467480E+26
Mrt:           -1.096270E+26
Mrp:            2.336060E+25
Mtp:            9.089080E+25
