 PDEW 2010 10 14 13 58 55.60   42.3100  142.8700  59.0 5.2 5.6 HOKKAIDO, JAPAN REGION
event name:    201010141358A
time shift:           2.6000
half duration:        1.5000
latitude:            42.1400
longitude:          143.1500
depth:               62.4500
Mrr:            2.060000E+24
Mtt:           -7.160000E+23
Mpp:           -1.340000E+24
Mrt:            3.040000E+23
Mrp:            1.350000E+24
Mtp:           -1.440000E+24
