 PDEW 2010 04 23 06 46 21.00   13.6400  144.6800 133.0 5.4 0.0 MARIANA ISLANDS
event name:    201004230646A
time shift:           4.0500
half duration:        1.0000
latitude:            13.4542
longitude:          144.7292
depth:              123.0040
Mrr:           -9.105440E+22
Mtt:           -1.328760E+23
Mpp:            2.239300E+23
Mrt:            3.951820E+23
Mrp:            6.996150E+23
Mtp:           -2.119310E+23
