 PDEW 2010 12 25 05 55 23.40   25.5400  141.1200  19.7 5.5 4.9 VOLCANO ISLANDS, JAPAN REGION
event name:    201012250555A
time shift:           4.1900
half duration:        1.0000
latitude:            25.4500
longitude:          141.1700
depth:               12.0000
Mrr:            9.790000E+23
Mtt:           -3.340000E+23
Mpp:           -6.440000E+23
Mrt:           -1.440000E+23
Mrp:           -6.720000E+22
Mtp:           -9.750000E+22
