 PDEW 2010 06 27 21 03 27.20   41.6600  141.6600  67.6 5.0 0.0 HOKKAIDO, JAPAN REGION
event name:    201006272103A
time shift:           1.3300
half duration:        1.0000
latitude:            41.7610
longitude:          141.7335
depth:               70.0365
Mrr:            1.017000E+23
Mtt:           -4.912530E+23
Mpp:            3.895530E+23
Mrt:            1.238150E+23
Mrp:            1.158240E+23
Mtp:            3.745470E+23
