 PDEW 2010 05 03 10 27 46.70   29.6400  140.9700  98.5 6.2 6.1 SOUTHEAST OF HONSHU, JAPAN
event name:    201005031027A
time shift:           2.0500
half duration:        2.7000
latitude:            29.5795
longitude:          141.2828
depth:               94.0445
Mrr:            1.055150E+25
Mtt:           -5.620300E+23
Mpp:           -9.989470E+24
Mrt:           -2.148830E+24
Mrp:            1.077820E+25
Mtp:           -3.936130E+24
