 PDEW 2010 01 14 14 03 41.20   11.5100  142.0800  37.0 5.7 5.8 SOUTH OF MARIANA ISLANDS
event name:    201001141403A
time shift:           3.6500
half duration:        1.9000
latitude:            11.3087
longitude:          142.0953
depth:                7.7325
Mrr:            4.955850E+24
Mtt:           -4.690300E+24
Mpp:           -2.655420E+23
Mrt:            3.513480E+24
Mrp:           -4.354930E+23
Mtp:           -4.858030E+23
