 PDEW 2010 02 07 06 10 00.20   23.4900  123.6100  21.0 6.1 6.3 SOUTHWESTERN RYUKYU ISL., JAPAN
event name:    201002070610A
time shift:           3.9400
half duration:        3.6000
latitude:            23.3535
longitude:          123.6603
depth:               19.7529
Mrr:            7.471510E+24
Mtt:            3.120090E+25
Mpp:           -3.867240E+25
Mrt:            1.734540E+25
Mrp:            5.781460E+24
Mtp:           -6.357060E+24
