 PDEW 2010 07 23 22 08 11.20    6.7200  123.4100 607.1 6.3 7.3 MINDANAO, PHILIPPINES
event name:    201007232208A
time shift:           9.0800
half duration:       11.0000
latitude:             6.5400
longitude:          123.5900
depth:              596.7500
Mrr:           -3.940000E+26
Mtt:            3.230000E+26
Mpp:            7.060000E+25
Mrt:           -3.180000E+26
Mrp:           -9.900000E+26
Mtp:            3.190000E+26
