 PDEW 2010 02 28 22 07 47.10   39.4800  140.4400 121.8 5.1 0.0 EASTERN HONSHU, JAPAN
event name:    201002282207A
time shift:           2.5700
half duration:        0.8000
latitude:            39.4300
longitude:          140.6100
depth:              111.7856
Mrr:            2.361160E+23
Mtt:           -2.491140E+23
Mpp:            1.299810E+22
Mrt:            1.043120E+23
Mrp:           -3.371510E+23
Mtp:            1.255260E+23
