 PDEW 2010 07 24 05 35 01.10    6.2200  123.5200 553.0 5.9 6.6 MINDANAO, PHILIPPINES
event name:    201007240535A
time shift:           3.7200
half duration:        4.7000
latitude:             6.2300
longitude:          123.5600
depth:              556.2453
Mrr:           -3.776100E+25
Mtt:            1.194080E+25
Mpp:            2.582010E+25
Mrt:           -5.336590E+24
Mrp:           -7.247090E+25
Mtp:            2.324400E+25
