 PDEW 2010 06 11 16 58 36.10   26.7100  142.6900  10.0 5.5 5.6 BONIN ISLANDS, JAPAN REGION
event name:    201006111658A
time shift:           4.9200
half duration:        1.4000
latitude:            26.6200
longitude:          143.0100
depth:               12.7700
Mrr:            2.097170E+24
Mtt:           -2.546200E+22
Mpp:           -2.071710E+24
Mrt:            5.038100E+23
Mrp:            1.924260E+24
Mtp:           -2.874910E+23
