 PDEW 2010 08 24 20 48 04.60    6.7500  123.5600 594.5 5.0 0.0 MINDANAO, PHILIPPINES
event name:    201008242048A
time shift:           3.1900
half duration:        1.0000
latitude:             7.1000
longitude:          123.7300
depth:              608.7300
Mrr:           -3.730000E+23
Mtt:            2.870000E+23
Mpp:            8.560000E+22
Mrt:           -1.180000E+23
Mrp:           -7.850000E+23
Mtp:            2.170000E+23
