 PDEW 2010 05 29 02 29 48.60   33.1700   96.0700   7.0 5.5 5.8 QINGHAI, CHINA
event name:    201005290230A
time shift:           5.4300
half duration:        1.9000
latitude:            33.2000
longitude:           96.2800
depth:               11.0823
Mrr:           -2.727050E+23
Mtt:           -1.746150E+24
Mpp:            2.018860E+24
Mrt:           -5.043200E+22
Mrp:            1.474090E+23
Mtp:            3.182850E+24
