 PDEW 2010 03 14 08 08 04.00   37.7400  141.5900  32.0 6.3 6.5 NEAR EAST COAST OF HONSHU, JAPAN
event name:    201003140808A
time shift:           4.3100
half duration:        4.5000
latitude:            37.7053
longitude:          141.9530
depth:               42.3159
Mrr:            5.528950E+25
Mtt:           -6.325760E+24
Mpp:           -4.896380E+25
Mrt:            2.023550E+25
Mrp:            5.136180E+25
Mtp:           -1.763750E+25
