 PDEW 2010 03 08 09 47 11.60   19.3300  144.7100 456.8 6.0 6.1 MARIANA ISLANDS
event name:    201003080947A
time shift:          -0.1600
half duration:        2.7000
latitude:            19.2589
longitude:          144.6698
depth:              433.2211
Mrr:           -1.491160E+25
Mtt:            4.191380E+24
Mpp:            1.072030E+25
Mrt:           -3.451110E+24
Mrp:            1.886320E+24
Mtp:           -8.282860E+24
