 PDEW 2010 07 10 05 39 43.10   14.0100  145.0200 136.0 5.6 5.6 MARIANA ISLANDS
event name:    201007100539A
time shift:           4.9300
half duration:        1.5000
latitude:            13.8268
longitude:          145.1760
depth:              140.5144
Mrr:           -1.147620E+23
Mtt:            1.229320E+23
Mpp:           -8.172000E+21
Mrt:            2.212510E+24
Mrp:            2.447140E+23
Mtp:           -1.836310E+24
