 PDEW 2010 11 02 18 10 14.90   47.0900  146.7500 369.4 5.3 0.0 NORTHWEST OF KURIL ISLANDS
event name:    201011021810A
time shift:           0.4200
half duration:        1.3000
latitude:            46.8200
longitude:          146.8700
depth:              362.3500
Mrr:            7.090001E+23
Mtt:            1.800000E+23
Mpp:           -8.890000E+23
Mrt:            3.530000E+23
Mrp:           -1.570000E+24
Mtp:           -8.120000E+23
