 PDEW 2010 02 22 05 21 04.90   24.1300  122.9100  29.2 5.5 6.0 TAIWAN REGION
event name:    201002220521A
time shift:           2.4500
half duration:        1.0000
latitude:            24.0499
longitude:          122.9257
depth:               28.9083
Mrr:           -8.055750E+23
Mtt:            9.093900E+22
Mpp:            7.146360E+23
Mrt:            2.107350E+23
Mrp:            3.028140E+23
Mtp:            5.752490E+22
