 PDEW 2011 11 28 15 06 51.80   25.2000   97.6100  32.7 5.1 0.0 MYANMAR-CHINA BORDER REGION
event name:    201111281506A
time shift:          -1.9000
half duration:        0.9000
latitude:            25.0900
longitude:           97.6700
depth:               17.6200
Mrr:           -1.210000E+22
Mtt:            4.310000E+23
Mpp:           -4.190000E+23
Mrt:            9.580001E+22
Mrp:           -6.470000E+22
Mtp:            5.270000E+23
