 PDEW 2011 04 16 02 19 30.80   36.3800  139.6500  77.0 5.9 5.8 EASTERN HONSHU, JAPAN
event name:    201104160219A
time shift:           2.9000
half duration:        1.9000
latitude:            36.4000
longitude:          140.0000
depth:               80.5900
Mrr:            3.340000E+24
Mtt:            4.380000E+23
Mpp:           -3.770000E+24
Mrt:            3.170000E+24
Mrp:            2.950000E+24
Mtp:           -1.130000E+24
