 PDEW 2011 11 21 10 16 33.80   34.8500  132.7100  35.0 4.9 0.0 WESTERN HONSHU, JAPAN
event name:    201111211016A
time shift:          -2.6200
half duration:        0.8000
latitude:            34.8600
longitude:          132.8000
depth:               16.9700
Mrr:           -4.810000E+22
Mtt:            4.610000E+23
Mpp:           -4.120000E+23
Mrt:           -6.220000E+22
Mrp:           -1.920000E+23
Mtp:           -2.100000E+23
