 PDEW 2011 02 22 14 09 50.80   22.1100  143.8400 112.8 5.6 5.5 VOLCANO ISLANDS, JAPAN REGION
event name:    201102221409A
time shift:           1.1500
half duration:        1.4000
latitude:            22.2300
longitude:          143.9800
depth:              106.2700
Mrr:            5.240000E+23
Mtt:            4.040000E+23
Mpp:           -9.290000E+23
Mrt:           -2.260000E+24
Mrp:            6.720000E+23
Mtp:           -5.230000E+23
