 PDEW 2011 12 30 17 07 23.40   30.8000  138.2500 405.8 5.0 0.0 SOUTHEAST OF HONSHU, JAPAN
event name:    201112301707A
time shift:           1.5100
half duration:        1.0000
latitude:            30.8700
longitude:          138.4400
depth:              414.2700
Mrr:           -9.700000E+22
Mtt:           -1.110000E+22
Mpp:            1.080000E+23
Mrt:           -4.570000E+22
Mrp:           -7.850000E+23
Mtp:           -2.510000E+23
