 PDEW 2011 12 27 15 21 56.80   51.8400   95.9100  15.0 6.1 6.7 SOUTHWESTERN SIBERIA, RUSSIA
event name:    201112271521A
time shift:           7.0400
half duration:        5.4000
latitude:            51.7800
longitude:           95.9100
depth:               14.3178
Mrr:            1.244610E+25
Mtt:           -5.960520E+25
Mpp:            4.715910E+25
Mrt:            6.449210E+25
Mrp:            2.550210E+25
Mtp:            8.735310E+25
