 PDEW 2011 03 22 15 49 27.50   39.2000  142.3200  28.5 5.4 0.0 NEAR EAST COAST OF HONSHU, JAPAN
event name:    201103221549A
time shift:           2.2800
half duration:        0.9000
latitude:            39.1700
longitude:          142.2700
depth:               37.8300
Mrr:           -3.850000E+23
Mtt:            1.510000E+23
Mpp:            2.340000E+23
Mrt:            7.630000E+22
Mrp:            4.990000E+23
Mtp:           -2.180000E+23
