 PDEW 2011 07 18 18 15 24.90   52.8000  152.9400 494.0 5.2 0.0 NORTHWEST OF KURIL ISLANDS
event name:    201107181815A
time shift:           1.8500
half duration:        1.3000
latitude:            52.7600
longitude:          152.9600
depth:              499.1100
Mrr:           -5.790000E+23
Mtt:            2.980000E+23
Mpp:            2.810000E+23
Mrt:           -5.120000E+23
Mrp:           -1.770000E+24
Mtp:            4.060000E+23
