 PDEW 2011 02 10 05 35 16.50   52.1300   91.7800  10.0 5.4 5.5 SOUTHWESTERN SIBERIA, RUSSIA
event name:    201102100535A
time shift:           1.3200
half duration:        1.3000
latitude:            52.2200
longitude:           91.7600
depth:               18.4069
Mrr:            3.723200E+22
Mtt:           -8.892850E+23
Mpp:            8.520510E+23
Mrt:            1.144020E+23
Mrp:           -4.535000E+23
Mtp:            1.014170E+24
