 PDEW 2012 07 29 09 20 55.00   47.3800  139.0700 502.3 5.6 5.7 PRIMOR'YE, RUSSIA
event name:    201207290920A
time shift:           0.2300
half duration:        1.8000
latitude:            47.2900
longitude:          138.9000
depth:              506.9300
Mrr:            3.460000E+24
Mtt:            8.320000E+23
Mpp:           -4.290000E+24
Mrt:           -2.050000E+24
Mrp:           -1.230000E+24
Mtp:           -8.800000E+23
