 PDEW 2012 08 14 02 59 38.50   49.8000  145.0600 583.2 6.9 7.7 SEA OF OKHOTSK
event name:    201208140259A
time shift:          12.4000
half duration:       17.8000
latitude:            49.9700
longitude:          145.7000
depth:              598.2000
Mrr:            3.840000E+27
Mtt:           -1.870000E+27
Mpp:           -1.970000E+27
Mrt:           -2.740000E+27
Mrp:           -5.080000E+26
Mtp:           -2.150000E+27
