 PDEW 2012 02 28 15 07 35.00   28.2000  139.3900 504.2 5.4 5.6 BONIN ISLANDS, JAPAN REGION
event name:    201202281507A
time shift:           2.5400
half duration:        1.4000
latitude:            28.2300
longitude:          139.3100
depth:              504.1100
Mrr:           -2.110000E+23
Mtt:            5.650000E+23
Mpp:           -3.540000E+23
Mrt:            1.730000E+22
Mrp:           -2.590000E+24
Mtp:           -3.060000E+23
