 PDEW 2012 09 22 09 37 00.30   46.0800  141.9100 318.8 5.1 0.0 SAKHALIN, RUSSIA
event name:    201209220937A
time shift:           2.1300
half duration:        0.9000
latitude:            45.9900
longitude:          141.7800
depth:              328.4800
Mrr:            9.610000E+22
Mtt:            5.390000E+23
Mpp:           -6.350000E+23
Mrt:            3.000000E+23
Mrp:           -3.240000E+23
Mtp:           -4.470000E+22
