 PDEW 2012 07 09 07 20 55.00   49.2100  147.2600 558.0 4.9 0.0 SEA OF OKHOTSK
event name:    201207090720A
time shift:           2.7600
half duration:        1.2000
latitude:            49.1200
longitude:          147.2500
depth:              556.0100
Mrr:            3.450000E+23
Mtt:           -1.020000E+23
Mpp:           -2.430000E+23
Mrt:           -1.020000E+24
Mrp:           -1.070000E+24
Mtp:           -2.780000E+23
