 PDEW 2012 05 03 10 19 36.80   40.5100   98.5300  10.0 5.2 0.0 WESTERN NEI MONGOL, CHINA
event name:    201205031019A
time shift:           0.4600
half duration:        1.0000
latitude:            40.6600
longitude:           98.5800
depth:               17.4700
Mrr:           -9.860000E+22
Mtt:           -4.190000E+23
Mpp:            5.180000E+23
Mrt:           -1.860000E+23
Mrp:            1.650000E+23
Mtp:            5.770000E+23
