 PDEW 2012 05 26 20 00 26.50   26.9600  140.2800 490.1 4.7 0.0 BONIN ISLANDS, JAPAN REGION
event name:    201205262000A
time shift:           2.0000
half duration:        1.0000
latitude:            27.0200
longitude:          140.1900
depth:              485.2300
Mrr:           -7.840000E+23
Mtt:            6.430001E+23
Mpp:            1.410000E+23
Mrt:           -6.480000E+21
Mrp:           -4.330000E+23
Mtp:           -5.440000E+23
