 PDEW 2012 11 11 10 54 41.30   22.7200   95.8300   6.0 5.7 5.8 MYANMAR
event name:    201211111054A
time shift:           1.2300
half duration:        2.1000
latitude:            22.6000
longitude:           96.0500
depth:               12.0000
Mrr:            2.870000E+23
Mtt:           -3.130000E+23
Mpp:            2.620000E+22
Mrt:            2.060000E+24
Mrp:            2.380000E+24
Mtp:            7.730000E+24
