 PDEW 2012 02 26 06 17 19.80   51.7100   95.9900  12.0 6.4 6.7 SOUTHWESTERN SIBERIA, RUSSIA
event name:    201202260617A
time shift:           4.5400
half duration:        5.2000
latitude:            51.6900
longitude:           96.0000
depth:               20.4600
Mrr:            8.360000E+25
Mtt:           -7.010000E+25
Mpp:           -1.350000E+25
Mrt:            1.290000E+25
Mrp:           -2.570000E+25
Mtp:            9.720000E+25
