 PDEW 2012 02 26 11 59 06.80   51.6900   95.9900  15.9 5.2 0.0 SOUTHWESTERN SIBERIA, RUSSIA
event name:    201202261159A
time shift:          -0.9600
half duration:        0.8000
latitude:            51.7400
longitude:           96.0300
depth:               17.6100
Mrr:            4.440000E+23
Mtt:           -5.700000E+23
Mpp:            1.260000E+23
Mrt:            1.600000E+23
Mrp:            1.480000E+22
Mtp:            6.380000E+22
