 PDEW 2012 02 25 01 12 00.10   19.1200  145.7500 123.7 5.1 0.0 MARIANA ISLANDS
event name:    201202250112A
time shift:           2.4200
half duration:        0.9000
latitude:            19.1400
longitude:          146.0700
depth:              119.2100
Mrr:            5.600000E+22
Mtt:            2.310000E+23
Mpp:           -2.870000E+23
Mrt:           -5.350000E+23
Mrp:            2.200000E+23
Mtp:            1.200000E+23
