 PDEW 2012 02 26 02 35 00.50   22.6600  120.8900  28.0 5.9 5.9 TAIWAN
event name:    201202260234A
time shift:           1.0800
half duration:        2.3000
latitude:            22.6900
longitude:          120.7000
depth:               25.0000
Mrr:            3.470000E+24
Mtt:            6.150001E+23
Mpp:           -4.080000E+24
Mrt:           -6.600000E+23
Mrp:           -8.990000E+24
Mtp:            2.310000E+24
