 PDEW 2012 01 01 05 27 56.00   31.4600  138.0700 365.3 6.2 6.8 SOUTHEAST OF HONSHU, JAPAN
event name:    201201010527A
time shift:           5.4300
half duration:        6.1000
latitude:            31.6100
longitude:          138.1700
depth:              351.9500
Mrr:           -3.730000E+25
Mtt:           -1.110000E+25
Mpp:            4.840000E+25
Mrt:           -2.620000E+25
Mrp:           -1.770000E+26
Mtp:           -5.190000E+25
