 PDEW 2013 06 18 23 02 09.80   54.2600   86.1700   9.9 5.6 0.0 SOUTHWESTERN SIBERIA, RUSSIA
event name:    201306182302A
time shift:          -0.5000
half duration:        1.0000
latitude:            54.2800
longitude:           86.0000
depth:               12.0000
Mrr:            8.890000E+23
Mtt:           -5.430000E+23
Mpp:           -3.460000E+23
Mrt:            3.000000E+23
Mrp:           -3.120000E+23
Mtp:            2.580000E+23
