 PDEW 2013 10 29 20 17 50.70   43.2400  130.8800 554.3 0.0 5.1 E. RUSSIA-N.E. CHINA BORDER REG.
event name:    201310292017A
time shift:           1.6400
half duration:        1.1000
latitude:            43.2000
longitude:          130.8600
depth:              560.3200
Mrr:           -3.830000E+23
Mtt:            3.020000E+23
Mpp:            8.120000E+22
Mrt:            6.800000E+23
Mrp:           -3.670000E+23
Mtp:           -7.350000E+23
