 PDEW 2013 06 04 11 01 57.50   45.2800  151.0700  35.0 5.3 0.0 KURIL ISLANDS
event name:    201306041101A
time shift:           4.5400
half duration:        1.2000
latitude:            45.3800
longitude:          151.3600
depth:               29.9900
Mrr:            8.870000E+23
Mtt:           -3.810000E+23
Mpp:           -5.060000E+23
Mrt:            3.620000E+23
Mrp:            7.570000E+23
Mtp:           -7.020000E+23
