 PDEW 2013 04 21 03 22 16.20   29.9300  138.8900 421.9 5.7 6.1 SOUTHEAST OF HONSHU, JAPAN
event name:    201304210322A
time shift:           2.4200
half duration:        2.8000
latitude:            30.0200
longitude:          138.8800
depth:              429.8400
Mrr:           -1.340000E+25
Mtt:            1.580000E+25
Mpp:           -2.450000E+24
Mrt:            1.480000E+24
Mrp:           -1.020000E+25
Mtp:            5.640000E+24
