 PDEW 2013 09 19 21 37 04.20   37.7500  101.5300  20.8 0.0 5.0 QINGHAI, CHINA
event name:    201309192137A
time shift:          -0.8400
half duration:        0.8000
latitude:            37.7300
longitude:          101.6500
depth:               19.5400
Mrr:            4.010000E+23
Mtt:           -6.790000E+22
Mpp:           -3.330000E+23
Mrt:            4.530000E+22
Mrp:            2.560000E+23
Mtp:            1.890000E+23
