 PDEW 2013 08 31 23 52 07.00   47.9900  148.1300 393.2 4.9 0.0 NORTHWEST OF KURIL ISLANDS
event name:    201308312352A
time shift:           1.8900
half duration:        1.8000
latitude:            47.8600
longitude:          148.1200
depth:              389.2900
Mrr:           -3.490000E+22
Mtt:            2.430000E+24
Mpp:           -2.400000E+24
Mrt:            1.880000E+24
Mrp:           -3.610000E+24
Mtp:           -1.310000E+24
