 PDEW 2013 09 02 02 51 13.20   42.2000  133.6500 445.0 5.6 5.7 PRIMOR'YE, RUSSIA
event name:    201309020251A
time shift:           2.9200
half duration:        1.7000
latitude:            42.1900
longitude:          133.6500
depth:              454.6800
Mrr:           -5.320000E+22
Mtt:           -2.080000E+23
Mpp:            2.610000E+23
Mrt:            5.980000E+22
Mrp:           -3.990000E+24
Mtp:            4.940000E+23
