 PDEW 2013 10 31 03 03 34.10   44.7200  124.0000  10.7 0.0 5.1 NORTHEASTERN CHINA
event name:    201310310303A
time shift:           2.1400
half duration:        1.0000
latitude:            44.7500
longitude:          124.0200
depth:               12.0000
Mrr:            6.300000E+23
Mtt:            2.120000E+23
Mpp:           -8.410000E+23
Mrt:           -2.830000E+23
Mrp:           -1.890000E+23
Mtp:            3.070000E+21
