 PDEW 2013 07 28 11 36 00.60   31.0500  137.9400 454.9 4.8 0.0 SOUTHEAST OF HONSHU, JAPAN
event name:    201307281136A
time shift:           2.1100
half duration:        1.2000
latitude:            31.0800
longitude:          137.8400
depth:              463.9500
Mrr:            1.650000E+23
Mtt:            8.470000E+23
Mpp:           -1.010000E+24
Mrt:           -4.880000E+23
Mrp:           -8.370000E+23
Mtp:            3.280000E+23
