 PDEW 2013 04 24 06 21 19.20   32.4000  139.0900 221.7 5.2 0.0 SOUTHEAST OF HONSHU, JAPAN
event name:    201304240621A
time shift:           1.0200
half duration:        0.8000
latitude:            32.4000
longitude:          139.1800
depth:              220.6100
Mrr:            2.630000E+23
Mtt:           -2.460000E+23
Mpp:           -1.760000E+22
Mrt:            9.510000E+22
Mrp:           -3.550000E+23
Mtp:           -2.940000E+23
