 PDEW 2013 04 12 20 33 17.50   34.3700  134.8300  14.0 5.7 5.8 NEAR S. COAST OF WESTERN HONSHU
event name:    201304122033A
time shift:           3.2200
half duration:        2.1000
latitude:            34.4300
longitude:          134.6900
depth:               18.4300
Mrr:            5.720000E+24
Mtt:            1.860000E+23
Mpp:           -5.900000E+24
Mrt:           -4.160000E+23
Mrp:           -5.820000E+24
Mtp:            1.160000E+24
