 PDEW 2013 09 22 19 30 34.90   12.3100  143.6700  10.0 5.0 0.0 SOUTH OF MARIANA ISLANDS
event name:    201309221930A
time shift:           3.4100
half duration:        0.8000
latitude:            12.0800
longitude:          143.6600
depth:               12.2000
Mrr:           -6.650000E+22
Mtt:           -3.720000E+23
Mpp:            4.380000E+23
Mrt:           -1.820000E+23
Mrp:            3.120000E+22
Mtp:           -1.550000E+23
