 PDEW 2013 11 19 17 00 44.20   18.4800  145.2000 511.0 0.0 6.0 MARIANA ISLANDS
event name:    201311191700A
time shift:           3.1400
half duration:        2.5000
latitude:            18.5400
longitude:          145.1800
depth:              515.2300
Mrr:           -1.260000E+25
Mtt:            2.270000E+24
Mpp:            1.030000E+25
Mrt:           -8.290000E+22
Mrp:            4.750000E+24
Mtp:            2.720000E+24
