 PDEW 2013 08 11 21 23 43.80   30.0800   97.9300  19.7 0.0 5.7 XIZANG
event name:    201308112123B
time shift:          -0.6800
half duration:        1.9000
latitude:            30.0200
longitude:           97.9500
depth:               12.5600
Mrr:           -3.800000E+24
Mtt:            3.820000E+24
Mpp:           -2.060000E+22
Mrt:           -1.030000E+24
Mrp:            2.310000E+24
Mtp:            4.090000E+24
