 PDEW 2013 03 27 01 25 46.10   45.4300  142.6000 283.6 4.9 0.0 HOKKAIDO, JAPAN REGION
event name:    201303270125A
time shift:           3.2200
half duration:        0.8000
latitude:            45.4200
longitude:          142.6500
depth:              288.4000
Mrr:           -2.630000E+22
Mtt:           -7.900000E+22
Mpp:            1.050000E+23
Mrt:            3.550000E+23
Mrp:           -2.900000E+23
Mtp:           -1.600000E+22
