 PDEW 2013 05 06 13 14 33.90   37.4100  143.6700  11.3 5.0 0.0 OFF EAST COAST OF HONSHU, JAPAN
event name:    201305061314A
time shift:           3.6900
half duration:        0.8000
latitude:            37.5200
longitude:          143.7400
depth:               17.5900
Mrr:           -1.500000E+23
Mtt:           -3.120000E+23
Mpp:            4.620000E+23
Mrt:            1.720000E+23
Mrp:            2.000000E+23
Mtp:            1.200000E+23
