 PDEW 2015 01 08 18 42 12.20   43.6900  144.8700 132.3 0.0 5.3 HOKKAIDO, JAPAN REGION
event name:    201501081842A
time shift:           1.1200
half duration:        1.2000
latitude:            43.6900
longitude:          145.0500
depth:              116.1300
Mrr:           -1.200000E+23
Mtt:            1.080000E+24
Mpp:           -9.560000E+23
Mrt:            9.190000E+23
Mrp:            1.810000E+23
Mtp:           -5.010000E+23
