 PDEW 2015 05 25 06 37 40.90   41.8500  135.3900 385.8 0.0 5.1 SEA OF JAPAN
event name:    201505250637A
time shift:           1.9700
half duration:        1.1000
latitude:            41.9000
longitude:          135.1800
depth:              393.3600
Mrr:            1.950000E+23
Mtt:           -1.100000E+23
Mpp:           -8.540001E+22
Mrt:           -8.790000E+22
Mrp:           -1.060000E+24
Mtp:           -2.020000E+22
