 PDEW 2015 06 18 08 28 57.10   21.7500  143.1200 291.3 0.0 5.1 MARIANA ISLANDS REGION
event name:    201506180828A
time shift:           0.7700
half duration:        0.9000
latitude:            21.7300
longitude:          143.0200
depth:              285.9400
Mrr:            5.000000E+23
Mtt:           -6.010000E+23
Mpp:            1.010000E+23
Mrt:           -3.120000E+22
Mrp:            2.800000E+23
Mtp:            1.250000E+23
