 PDEW 2015 01 25 10 41 14.20   29.1700  139.4900 422.1 0.0 4.9 SOUTHEAST OF HONSHU, JAPAN
event name:    201501251041A
time shift:           1.3600
half duration:        1.0000
latitude:            29.2500
longitude:          139.2500
depth:              420.7500
Mrr:           -3.290000E+23
Mtt:            3.570000E+23
Mpp:           -2.810000E+22
Mrt:            7.920000E+22
Mrp:           -8.550000E+23
Mtp:           -3.420000E+23
