 PDEW 2015 02 02 15 13 39.80   13.9800  124.5800  17.0 0.0 5.4 LUZON, PHILIPPINES
event name:    201502021513A
time shift:           4.1400
half duration:        1.4000
latitude:            14.1100
longitude:          124.6500
depth:               22.8400
Mrr:            1.710000E+24
Mtt:           -2.380000E+23
Mpp:           -1.470000E+24
Mrt:           -6.620001E+23
Mrp:            1.740000E+24
Mtp:            6.400000E+23
