 PDEW 2015 12 20 09 28 51.80   12.8600  124.3800 111.1 0.0 5.2 SAMAR, PHILIPPINES
event name:    201512200928A
time shift:          -0.0800
half duration:        1.1000
latitude:            12.9300
longitude:          124.3800
depth:              111.7700
Mrr:            3.550000E+23
Mtt:            4.660000E+23
Mpp:           -8.200000E+23
Mrt:           -7.370000E+23
Mrp:            1.410000E+23
Mtp:            7.060000E+23
