 PDEW 2015 05 30 11 23 02.10   27.8400  140.4900 664.0 0.0 7.8 BONIN ISLANDS, JAPAN REGION
event name:    201505301123A
time shift:           8.9400
half duration:       20.7000
latitude:            27.9400
longitude:          140.5600
depth:              680.7000
Mrr:           -3.860000E+27
Mtt:           -6.570000E+26
Mpp:            4.520000E+27
Mrt:           -2.870000E+27
Mrp:            5.610000E+27
Mtp:            1.100000E+27
