 PDEW 2015 12 17 12 44 03.10   17.7500  120.5800  69.7 0.0 5.3 LUZON, PHILIPPINES
event name:    201512171244A
time shift:           0.0400
half duration:        1.1000
latitude:            17.7200
longitude:          120.5600
depth:               79.8900
Mrr:           -9.230001E+22
Mtt:            2.260000E+23
Mpp:           -1.340000E+23
Mrt:           -1.040000E+23
Mrp:            1.200000E+24
Mtp:           -3.260000E+23
