 PDEW 2015 02 12 14 33 07.80   24.0000   93.9200  65.8 0.0 4.8 MYANMAR-INDIA BORDER REGION
event name:    201502121433A
time shift:           2.4900
half duration:        0.8000
latitude:            23.9700
longitude:           93.9300
depth:               96.4500
Mrr:            7.030000E+22
Mtt:           -2.070000E+23
Mpp:            1.370000E+23
Mrt:           -1.490000E+23
Mrp:            5.750000E+22
Mtp:            4.160000E+23
