 PDEW 2015 10 16 06 38 26.20   55.6000  159.2100 285.0 0.0 5.6 KAMCHATKA PENINSULA, RUSSIA
event name:    201510160638A
time shift:           2.2900
half duration:        1.6000
latitude:            55.6700
longitude:          159.3700
depth:              283.8800
Mrr:           -2.810000E+24
Mtt:           -9.510000E+22
Mpp:            2.910000E+24
Mrt:            9.120000E+23
Mrp:           -2.430000E+24
Mtp:            3.690000E+23
