 PDEW 2016 08 20 16 10 34.70   40.4200  143.6300  10.0 0.0 5.2 OFF EAST COAST OF HONSHU, JAPAN
event name:    201608201610A
time shift:           4.8000
half duration:        1.1000
latitude:            40.3800
longitude:          143.8200
depth:               20.6200
Mrr:            5.290000E+23
Mtt:           -3.620000E+21
Mpp:           -5.250000E+23
Mrt:            5.190000E+23
Mrp:            8.550000E+23
Mtp:           -1.350000E+23
