 PDEW 2016 12 20 13 51 17.20   16.0900  119.6700  50.2 0.0 5.0 LUZON, PHILIPPINES
event name:    201612201351A
time shift:           0.7500
half duration:        1.0000
latitude:            16.2500
longitude:          119.4700
depth:               14.0800
Mrr:            5.290000E+23
Mtt:            8.040000E+22
Mpp:           -6.090000E+23
Mrt:           -1.120000E+23
Mrp:           -5.360000E+23
Mtp:            1.530000E+22
