 PDEW 2016 08 22 09 33 07.80   29.8800  139.1400 391.0 0.0 5.6 SOUTHEAST OF HONSHU, JAPAN
event name:    201608220933A
time shift:           1.9500
half duration:        1.5000
latitude:            29.9500
longitude:          138.8900
depth:              408.8400
Mrr:           -6.590000E+23
Mtt:            1.690000E+24
Mpp:           -1.030000E+24
Mrt:            2.330000E+24
Mrp:           -1.080000E+24
Mtp:            5.830000E+23
