 PDEW 2016 01 30 00 08 50.70    6.2900  145.6500  10.0 0.0 5.1 E. CAROLINE ISLANDS, MICRONESIA
event name:    201601300008A
time shift:           1.5300
half duration:        0.9000
latitude:             6.3200
longitude:          145.5300
depth:               21.0000
Mrr:           -1.510000E+23
Mtt:            5.090000E+23
Mpp:           -3.590000E+23
Mrt:            1.270000E+23
Mrp:           -1.080000E+23
Mtp:            4.350000E+23
