 PDEW 2016 07 25 15 11 54.50   26.5100  128.7000  21.0 0.0 5.2 RYUKYU ISLANDS, JAPAN
event name:    201607251511A
time shift:           2.9500
half duration:        1.0000
latitude:            26.4900
longitude:          128.7100
depth:               24.2100
Mrr:            6.640000E+23
Mtt:           -2.520000E+23
Mpp:           -4.120000E+23
Mrt:            4.690000E+23
Mrp:            4.770000E+23
Mtp:           -3.560000E+23
