 PDEW 2016 12 04 21 34 23.30   32.4200   92.1200  10.0 0.0 5.2 XIZANG
event name:    201612042134A
time shift:           2.3100
half duration:        1.2000
latitude:            32.2700
longitude:           92.2700
depth:               24.0000
Mrr:            1.920000E+22
Mtt:           -1.050000E+24
Mpp:            1.030000E+24
Mrt:            8.910000E+22
Mrp:            1.980000E+23
Mtp:            7.840000E+23
