 PDEW 2016 12 19 20 44 40.10   10.2000  125.8200  57.0 0.0 5.4 LEYTE, PHILIPPINES
event name:    201612192044A
time shift:           3.0800
half duration:        1.3000
latitude:            10.1700
longitude:          125.8900
depth:               71.7100
Mrr:            9.500001E+22
Mtt:            1.420000E+23
Mpp:           -2.370000E+23
Mrt:            6.490000E+23
Mrp:           -1.560000E+24
Mtp:           -1.140000E+23
