 PDEW 2016 01 04 14 36 13.50   19.1400  121.0700  10.0 0.0 5.2 PHILIPPINE ISLANDS REGION
event name:    201601041436A
time shift:           3.6500
half duration:        0.8000
latitude:            19.2300
longitude:          120.8600
depth:               31.3100
Mrr:           -2.890000E+23
Mtt:           -3.200000E+22
Mpp:            3.210000E+23
Mrt:            2.000000E+22
Mrp:            3.650000E+23
Mtp:            1.730000E+23
