 PDEW 2016 02 14 18 09 26.30   30.3000  138.8800 410.0 0.0 5.7 SOUTHEAST OF HONSHU, JAPAN
event name:    201602141809A
time shift:           1.5000
half duration:        1.8000
latitude:            30.4300
longitude:          138.6700
depth:              421.5100
Mrr:           -4.000000E+24
Mtt:            4.110000E+24
Mpp:           -1.100000E+23
Mrt:            2.930000E+24
Mrp:           -1.290000E+24
Mtp:            1.380000E+24
