 PDEW 2016 11 24 00 35 09.70   31.7500  138.1900 346.0 0.0 5.2 SOUTHEAST OF HONSHU, JAPAN
event name:    201611240035A
time shift:           2.0400
half duration:        1.1000
latitude:            31.8000
longitude:          137.9900
depth:              350.9400
Mrr:           -5.300000E+23
Mtt:            7.540000E+22
Mpp:            4.540000E+23
Mrt:            1.250000E+23
Mrp:           -9.080000E+23
Mtp:           -2.260000E+23
