 PDEW 2016 01 30 03 25 12.20   53.9800  158.5400 177.0 0.0 7.2 NEAR EAST COAST OF KAMCHATKA
event name:    201601300325A
time shift:           7.5800
half duration:       10.0000
latitude:            53.8600
longitude:          158.7300
depth:              168.0700
Mrr:           -4.120000E+26
Mtt:            5.530000E+26
Mpp:           -1.410000E+26
Mrt:           -5.160000E+26
Mrp:           -3.350000E+26
Mtp:           -3.410000E+26
