 PDEW 2016 01 20 17 13 13.60   37.6700  101.6400   9.0 0.0 5.9 QINGHAI, CHINA
event name:    201601201713A
time shift:           1.0100
half duration:        2.2000
latitude:            37.6700
longitude:          101.6800
depth:               14.3100
Mrr:            8.720000E+24
Mtt:           -1.660000E+24
Mpp:           -7.060000E+24
Mrt:            1.960000E+23
Mrp:            9.190000E+23
Mtp:            4.430000E+24
