 PDEW 2017 09 29 19 25 01.60   53.2300  160.0800  49.5 0.0 5.3 NEAR EAST COAST OF KAMCHATKA
event name:    201709291925A
time shift:           1.3500
half duration:        1.1000
latitude:            53.1100
longitude:          160.2200
depth:               56.9200
Mrr:            8.600001E+23
Mtt:            1.010000E+23
Mpp:           -9.610000E+23
Mrt:           -4.160000E+23
Mrp:           -2.460000E+23
Mtp:           -5.310000E+23
