 PDEW 2017 11 28 17 38 01.00   18.5000  145.6500 189.3 0.0 5.2 MARIANA ISLANDS
event name:    201711281738A
time shift:           1.9100
half duration:        1.0000
latitude:            18.4700
longitude:          145.7600
depth:              189.7400
Mrr:            3.350000E+23
Mtt:            5.090000E+23
Mpp:           -8.440000E+23
Mrt:           -5.840000E+23
Mrp:            1.200000E+23
Mtp:            1.160000E+23
