 PDEW 2017 02 19 09 19 31.10   35.6600  140.7500  42.0 0.0 5.4 NEAR EAST COAST OF HONSHU, JAPAN
event name:    201702190919A
time shift:           2.5500
half duration:        1.4000
latitude:            35.6400
longitude:          140.7400
depth:               45.2600
Mrr:            1.840000E+24
Mtt:           -1.550000E+23
Mpp:           -1.680000E+24
Mrt:            3.290000E+22
Mrp:            1.130000E+24
Mtp:           -4.040000E+23
