 PDEW 2017 07 12 19 48 07.80   40.8500  131.6600 545.0 0.0 5.9 SEA OF JAPAN
event name:    201707121948A
time shift:           1.5700
half duration:        2.2000
latitude:            40.8900
longitude:          131.5600
depth:              556.3500
Mrr:           -7.610001E+23
Mtt:            6.690000E+24
Mpp:           -5.930000E+24
Mrt:           -1.470000E+24
Mrp:           -4.650000E+24
Mtp:           -5.380000E+24
