 PDEW 2017 04 04 15 07 31.90   47.2700   85.0500  25.3 0.0 5.1 KAZAKHSTAN-XINJIANG BORDER REG.
event name:    201704041507A
time shift:          -0.4700
half duration:        1.0000
latitude:            47.2800
longitude:           85.0800
depth:               32.6400
Mrr:            1.200000E+23
Mtt:           -8.040000E+23
Mpp:            6.840000E+23
Mrt:           -3.350000E+23
Mrp:            1.420000E+23
Mtp:           -4.920000E+23
