 PDEW 2017 08 05 07 39 19.00    7.9200  125.2200  20.8 0.0 5.1 MINDANAO, PHILIPPINES
event name:    201708050739A
time shift:           0.5900
half duration:        1.0000
latitude:             7.8800
longitude:          125.0500
depth:               19.5200
Mrr:            1.320000E+23
Mtt:            2.880000E+23
Mpp:           -4.210000E+23
Mrt:           -2.500000E+23
Mrp:           -1.940000E+23
Mtp:           -6.310000E+23
