 PDEW 2017 01 03 09 09 02.10   24.0100   92.0200  32.0 0.0 5.7 INDIA-BANGLADESH BORDER REGION
event name:    201701030909A
time shift:           1.9000
half duration:        1.5000
latitude:            23.9800
longitude:           92.0300
depth:               24.4700
Mrr:           -8.160000E+22
Mtt:           -2.420000E+24
Mpp:            2.500000E+24
Mrt:           -1.670000E+23
Mrp:            1.410000E+23
Mtp:            1.960000E+24
