 PDEW 2017 08 10 00 43 19.00    9.5000  124.0900 524.6 0.0 5.0 MINDANAO, PHILIPPINES
event name:    201708100043A
time shift:           0.7600
half duration:        1.3000
latitude:             9.4500
longitude:          123.9700
depth:              518.2300
Mrr:           -5.050000E+23
Mtt:           -1.040000E+24
Mpp:            1.540000E+24
Mrt:           -6.680000E+23
Mrp:           -8.400000E+23
Mtp:            6.130000E+23
