 PDEW 2017 04 20 15 20 43.20   49.2700  156.0700  38.6 0.0 5.1 KURIL ISLANDS
event name:    201704201520A
time shift:           2.7600
half duration:        1.0000
latitude:            49.1500
longitude:          156.4900
depth:               27.1500
Mrr:            8.330000E+23
Mtt:           -2.890000E+23
Mpp:           -5.440000E+23
Mrt:            2.410000E+23
Mrp:            4.410000E+23
Mtp:           -3.650000E+23
