 PDEW 2018 04 24 04 08 35.70   22.9600   94.6100 106.3 0.0 5.1 MYANMAR
event name:    201804240408A
time shift:           1.1200
half duration:        0.9000
latitude:            22.8400
longitude:           94.7000
depth:              120.6200
Mrr:            2.730000E+23
Mtt:           -6.960000E+23
Mpp:            4.240000E+23
Mrt:           -1.370000E+23
Mrp:           -3.160000E+23
Mtp:            2.070000E+23
