 PDEW 2018 03 18 18 00 11.20   45.3700  150.2500  79.5 0.0 5.2 KURIL ISLANDS
event name:    201803181800A
time shift:           3.5900
half duration:        1.0000
latitude:            45.4100
longitude:          150.2300
depth:              102.0800
Mrr:           -5.780000E+23
Mtt:            4.640000E+23
Mpp:            1.140000E+23
Mrt:            6.320000E+23
Mrp:            3.560000E+23
Mtp:            2.700000E+23
