PDEW 2009  6 22 23 10  4.90  12.1400   95.0000  26.9 5.1 0.0 ANDAMAN ISLANDS, INDIA R                
event name:     200906222310A  
time shift:      1.2700
half duration:   1.0000
latitude:       12.1100
longitude:      95.1200
depth:          12.0000
Mrr:      -6.220000e+23
Mtt:       3.590000e+23
Mpp:       2.630000e+23
Mrt:       2.120000e+23
Mrp:       1.570000e+23
Mtp:       4.500000e+23