PDEW 2009  7  4  0 41 48.10  13.6400  120.7400 127.4 5.1 0.0 MINDORO, PHILIPPINES                    
event name:     200907040041A  
time shift:      2.3500
half duration:   1.0000
latitude:       13.8000
longitude:     120.6100
depth:         132.3000
Mrr:       3.660000e+23
Mtt:      -3.010000e+23
Mpp:      -6.560000e+22
Mrt:       2.240000e+23
Mrp:       3.730000e+23
Mtp:       5.650000e+23