PDEW 2009  8 24  5 26 17.10  41.0200  140.0700 175.8 5.3 0.0 HOKKAIDO, JAPAN REGION                  
event name:     200908240526A  
time shift:      0.2900
half duration:   1.1000
latitude:       41.0500
longitude:     140.1800
depth:         170.8200
Mrr:      -7.090001e+23
Mtt:      -2.550000e+23
Mpp:       9.630001e+23
Mrt:       4.450000e+23
Mrp:       8.100000e+23
Mtp:      -7.070000e+22