PDEW 2010  8 18 23 33 14.50  32.0100  137.9200 365.3 5.1 0.0 SOUTHEAST OF HONSHU, JAP                
event name:     201008182333A  
time shift:      0.2900
half duration:   1.1000
latitude:       31.9900
longitude:     138.0200
depth:         367.3900
Mrr:      -3.070000e+23
Mtt:      -2.180000e+23
Mpp:       5.250000e+23
Mrt:      -5.550000e+22
Mrp:      -9.080000e+23
Mtp:      -1.700000e+22