PDEW 2010  3 15  9 35 27.20  28.7900  128.4500  35.0 5.2 0.0 RYUKYU ISLANDS, JAPAN                   
event name:     201003150935A  
time shift:     -1.4000
half duration:   1.0000
latitude:       28.7300
longitude:     128.2500
depth:          12.0000
Mrr:      -5.900000e+23
Mtt:       1.020000e+24
Mpp:      -4.330000e+23
Mrt:       1.140000e+23
Mrp:       1.620000e+23
Mtp:       3.030000e+23