PDEW 2010 11 10 10 30 15.70  14.9200  119.8700  21.0 5.2 5.4 LUZON, PHILIPPINES                      
event name:     201011101030A  
time shift:      3.8200
half duration:   1.3000
latitude:       15.1700
longitude:     119.5900
depth:          22.3300
Mrr:       1.560000e+24
Mtt:       1.960000e+23
Mpp:      -1.750000e+24
Mrt:      -3.940000e+23
Mrp:      -1.170000e+24
Mtp:      -7.640000e+22