PDEW 2010  3  6 17 23 12.70  14.6600  144.2200  10.0 5.0 0.0 MARIANA ISLANDS                         
event name:     201003061723A  
time shift:      3.9000
half duration:   1.0000
latitude:       14.6300
longitude:     144.1200
depth:          12.0000
Mrr:      -9.000000e+23
Mtt:       2.940000e+22
Mpp:       8.700000e+23
Mrt:       9.510000e+22
Mrp:       9.210000e+22
Mtp:       1.670000e+23