PDEW 2010  8 26 15  8  4.90  36.1200  136.7700 277.8 5.4 5.4 NEAR WEST COAST OF HONSH                
event name:     201008261508B  
time shift:      2.0000
half duration:   1.2000
latitude:       36.1900
longitude:     136.8700
depth:         281.3200
Mrr:      -3.700000e+23
Mtt:       1.310000e+24
Mpp:      -9.410000e+23
Mrt:      -6.100000e+23
Mrp:       7.040001e+23
Mtp:      -6.180000e+22