PDEW 2010  7 25 12 57  1.40  49.7000  154.6400 130.0 5.7 5.6 KURIL ISLANDS                           
event name:     201007251257A  
time shift:      2.7400
half duration:   1.5000
latitude:       49.6100
longitude:     155.0100
depth:         136.3100
Mrr:      -3.570000e+23
Mtt:       1.450000e+24
Mpp:      -1.090000e+24
Mrt:       2.320000e+24
Mrp:       6.890000e+23
Mtp:      -1.160000e+24