PDEW 2010 10 30 19  6 17.90  34.3200  141.2700  26.3 5.1 0.0 OFF EAST COAST OF HONSHU                
event name:     201010301906A  
time shift:      1.4200
half duration:   0.9000
latitude:       34.3300
longitude:     141.4300
depth:          16.1200
Mrr:       5.730000e+23
Mtt:       2.790000e+22
Mpp:      -6.010000e+23
Mrt:       2.370000e+23
Mrp:       1.870000e+23
Mtp:       1.720000e+23