PDEW 2010  8 13  1 33 56.00  48.2500  148.5000 391.2 5.1 0.0 NORTHWEST OF KURIL ISLAN                
event name:     201008130133A  
time shift:      0.6000
half duration:   1.2000
latitude:       48.1300
longitude:     148.6600
depth:         394.1300
Mrr:       1.160000e+24
Mtt:      -7.470000e+23
Mpp:      -4.080000e+23
Mrt:      -2.910000e+23
Mrp:      -6.900001e+23
Mtp:       1.010000e+24