PDEW 2011  3 14  6 52 25.10  36.9800  140.9700  62.0 5.2 0.0 NEAR EAST COAST OF HONSH                
event name:     201103140652A  
time shift:     -0.0100
half duration:   0.9000
latitude:       36.9300
longitude:     141.1100
depth:          49.9100
Mrr:       6.040000e+23
Mtt:      -6.740000e+22
Mpp:      -5.360000e+23
Mrt:      -2.230000e+23
Mrp:      -1.140000e+23
Mtp:       3.170000e+23