PDEW 2011 10  4  1 37 29.10  26.7700  140.4300 455.9 5.3 5.7 BONIN ISLANDS, JAPAN REG                
event name:     201110040137A  
time shift:      1.6700
half duration:   1.6000
latitude:       26.7300
longitude:     140.3500
depth:         439.6100
Mrr:      -3.140000e+24
Mtt:       1.840000e+24
Mpp:       1.290000e+24
Mrt:      -2.580000e+24
Mrp:      -3.480000e+23
Mtp:      -1.050000e+24