PDEW 2011 12 30 17  7 23.40  30.8000  138.2500 405.8 5.0 0.0 SOUTHEAST OF HONSHU, JAP                
event name:     201112301707A  
time shift:      1.5100
half duration:   1.0000
latitude:       30.8700
longitude:     138.4400
depth:         414.2700
Mrr:      -9.700000e+22
Mtt:      -1.110000e+22
Mpp:       1.080000e+23
Mrt:      -4.570000e+22
Mrp:      -7.850000e+23
Mtp:      -2.510000e+23