PDEW 2011  6  1 23 34 18.00  27.0300  140.2900 460.6 4.6 0.0 BONIN ISLANDS, JAPAN REG                
event name:     201106012334A  
time shift:     -2.8000
half duration:   1.0000
latitude:       27.1200
longitude:     140.6000
depth:         476.6400
Mrr:      -7.030000e+23
Mtt:      -4.790000e+21
Mpp:       7.080000e+23
Mrt:       4.430000e+23
Mrp:       9.680000e+22
Mtp:       3.270000e+22