PDEW 2011 10  7  2 51 18.30  41.6300  141.9600  46.0 5.3 4.7 HOKKAIDO, JAPAN REGION                  
event name:     201110070251A  
time shift:      2.1900
half duration:   1.1000
latitude:       41.6500
longitude:     142.2100
depth:          57.4100
Mrr:       8.820000e+23
Mtt:       1.490000e+22
Mpp:      -8.970000e+23
Mrt:       3.420000e+23
Mrp:       5.550000e+23
Mtp:      -2.610000e+23