PDEW 2011  5 10 15 26  4.60  43.2900  130.9400 544.6 5.4 0.0 E. RUSSIA-N.E. CHINA BOR                
event name:     201105101526A  
time shift:      4.1800
half duration:   1.7000
latitude:       43.6100
longitude:     130.9800
depth:         564.4500
Mrr:       7.440000e+23
Mtt:       2.160000e+24
Mpp:      -2.910000e+24
Mrt:       1.530000e+24
Mrp:      -3.240000e+24
Mtp:       2.330000e+24