PDEW 2011  2 23 22 14  5.70  31.4500  140.1500 106.6 5.3 0.0 SOUTHEAST OF HONSHU, JAP                
event name:     201102232214A  
time shift:      0.2600
half duration:   1.3000
latitude:       31.4600
longitude:     140.4500
depth:          90.5100
Mrr:      -3.370000e+22
Mtt:       1.010000e+24
Mpp:      -9.800000e+23
Mrt:       6.660000e+23
Mrp:       1.290000e+24
Mtp:      -2.550000e+23