PDEW 2011 10  1  4 21 51.60   7.3600  123.6900 615.4 5.2 0.0 MINDANAO, PHILIPPINES                   
event name:     201110010421A  
time shift:     -1.1200
half duration:   1.1000
latitude:        7.4600
longitude:     123.4600
depth:         608.5600
Mrr:      -1.030000e+24
Mtt:      -1.600000e+23
Mpp:       1.190000e+24
Mrt:      -2.590000e+22
Mrp:      -3.420000e+23
Mtp:      -4.020000e+22