PDEW 2012  3 16 18 37 55.10  37.7900  133.5000 430.2 4.9 0.0 SEA OF JAPAN                            
event name:     201203161837A  
time shift:      1.7400
half duration:   1.0000
latitude:       37.8800
longitude:     133.4800
depth:         438.7700
Mrr:       1.610000e+23
Mtt:       1.300000e+23
Mpp:      -2.920000e+23
Mrt:      -1.930000e+23
Mrp:      -8.050000e+23
Mtp:       2.860000e+23