PDEW 2012  7 29  9 20 55.00  47.3800  139.0700 502.3 5.6 5.7 PRIMOR'YE, RUSSIA                       
event name:     201207290920A  
time shift:      0.2300
half duration:   1.8000
latitude:       47.2900
longitude:     138.9000
depth:         506.9300
Mrr:       3.460000e+24
Mtt:       8.320000e+23
Mpp:      -4.290000e+24
Mrt:      -2.050000e+24
Mrp:      -1.230000e+24
Mtp:      -8.800000e+23