PDEW 2012  9  3  2 14 43.30  10.3400  126.3900  35.0 5.1 0.0 PHILIPPINE ISLANDS REGIO                
event name:     201209030214A  
time shift:      0.8000
half duration:   1.1000
latitude:       10.3500
longitude:     126.6300
depth:          15.6200
Mrr:       7.960000e+23
Mtt:      -5.430000e+22
Mpp:      -7.420000e+23
Mrt:      -6.560000e+22
Mrp:       6.930000e+23
Mtp:       6.880000e+22