PDEW 2012  6  9 21  0 18.10  24.5700  122.2500  70.0 6.0 5.9 TAIWAN REGION                           
event name:     201206092100A  
time shift:      1.2100
half duration:   2.1000
latitude:       24.4800
longitude:     122.2000
depth:          80.9900
Mrr:       4.970000e+24
Mtt:       1.650000e+24
Mpp:      -6.610000e+24
Mrt:       3.670000e+24
Mrp:      -3.320000e+24
Mtp:      -2.770000e+24