PDEW 2012 10 14  9 41 59.00  48.3100  154.4300  35.0 5.7 5.7 KURIL ISLANDS                           
event name:     201210140941A  
time shift:      3.2900
half duration:   1.9000
latitude:       48.2700
longitude:     154.8100
depth:          46.1200
Mrr:       5.310000e+24
Mtt:      -3.090000e+24
Mpp:      -2.210000e+24
Mrt:       1.590000e+24
Mrp:      -1.500000e+24
Mtp:      -3.680000e+24