PDEW 2012  3 12 12 32 46.40  45.2400  147.6100 110.4 5.7 5.6 KURIL ISLANDS                           
event name:     201203121232A  
time shift:      3.2300
half duration:   1.5000
latitude:       45.0900
longitude:     147.8700
depth:         124.9400
Mrr:       2.210000e+23
Mtt:       9.690000e+23
Mpp:      -1.190000e+24
Mrt:      -1.160000e+24
Mrp:      -2.630000e+24
Mtp:       9.440000e+22