PDEW 2012  8  8  7 11  1.90  25.8700  124.9200 133.1 5.5 5.4 NORTHEAST OF TAIWAN                     
event name:     201208080711A  
time shift:      0.2000
half duration:   1.2000
latitude:       25.7700
longitude:     125.0600
depth:         140.6000
Mrr:      -5.810000e+23
Mtt:      -5.000000e+23
Mpp:       1.080000e+24
Mrt:      -1.010000e+24
Mrp:      -5.470000e+23
Mtp:      -6.690000e+23