PDEW 2012  9 22  9 37  0.30  46.0800  141.9100 318.8 5.1 0.0 SAKHALIN, RUSSIA                        
event name:     201209220937A  
time shift:      2.1300
half duration:   0.9000
latitude:       45.9900
longitude:     141.7800
depth:         328.4800
Mrr:       9.610000e+22
Mtt:       5.390000e+23
Mpp:      -6.350000e+23
Mrt:       3.000000e+23
Mrp:      -3.240000e+23
Mtp:      -4.470000e+22