PDEW 2012  2 28 15  7 35.00  28.2000  139.3900 504.2 5.4 5.6 BONIN ISLANDS, JAPAN REG                
event name:     201202281507A  
time shift:      2.5400
half duration:   1.4000
latitude:       28.2300
longitude:     139.3100
depth:         504.1100
Mrr:      -2.110000e+23
Mtt:       5.650000e+23
Mpp:      -3.540000e+23
Mrt:       1.730000e+22
Mrp:      -2.590000e+24
Mtp:      -3.060000e+23