PDEW 2012  1 26 22  4  6.90  21.6500  142.8500 314.4 5.5 5.3 MARIANA ISLANDS REGION                  
event name:     201201262204A  
time shift:     -0.7600
half duration:   1.0000
latitude:       21.6700
longitude:     142.6200
depth:         303.1100
Mrr:       8.520000e+23
Mtt:      -7.590000e+23
Mpp:      -9.290000e+22
Mrt:       3.290000e+23
Mrp:       3.450000e+23
Mtp:      -2.640000e+23