PDEW 2012  7 14 19 55 18.00  25.4200   94.4800  52.1 5.5 5.3 MYANMAR-INDIA BORDER REG                
event name:     201207141955A  
time shift:      1.1000
half duration:   1.1000
latitude:       25.4000
longitude:      94.4500
depth:          41.0700
Mrr:       1.140000e+23
Mtt:      -7.020000e+23
Mpp:       5.880000e+23
Mrt:      -5.340000e+22
Mrp:      -4.550000e+23
Mtp:       8.190000e+23