PDEW 2013  1  9  1 41 53.30  25.3300   95.0500  93.0 5.8 5.8 MYANMAR-INDIA BORDER REG                
event name:     201301090141A  
time shift:      1.3800
half duration:   2.0000
latitude:       25.0900
longitude:      94.9500
depth:         105.9000
Mrr:       5.920000e+24
Mtt:      -4.810000e+24
Mpp:      -1.110000e+24
Mrt:       5.170000e+23
Mrp:      -1.890000e+24
Mtp:       4.160000e+24