PDEW 2013  5 12 23  5 28.00  21.9400  143.7400 166.9 5.1 5.6 MARIANA ISLANDS REGION                  
event name:     201305122305A  
time shift:     -0.6100
half duration:   1.4000
latitude:       22.0100
longitude:     143.9500
depth:         156.1300
Mrr:       9.730000e+23
Mtt:      -3.560000e+23
Mpp:      -6.170000e+23
Mrt:      -2.850000e+23
Mrp:       1.790000e+24
Mtp:      -1.690000e+24
