PDEW 2013  4 17  6 42 59.60  24.7700  123.3100   2.8 4.9 5.3 SOUTHWESTERN RYUKYU ISL.                
event name:     201304170643A  
time shift:      3.7800
half duration:   1.1000
latitude:       24.8000
longitude:     123.0900
depth:          12.0000
Mrr:      -1.080000e+24
Mtt:       1.220000e+24
Mpp:      -1.340000e+23
Mrt:       4.390000e+23
Mrp:       3.430000e+23
Mtp:       2.450000e+23