PDEW 2013  4  6  0 29 55.10  42.7300  130.9800 562.8 5.5 5.9 E. RUSSIA-N.E. CHINA BOR                
event name:     201304060029A  
time shift:      2.5400
half duration:   1.9000
latitude:       42.8200
longitude:     131.0500
depth:         575.1500
Mrr:       2.380000e+24
Mtt:      -8.550000e+23
Mpp:      -1.520000e+24
Mrt:       2.890000e+23
Mrp:      -5.180000e+24
Mtp:       1.010000e+24