PDEW 2013 11 18 19 10 45.40  34.3300  137.0500 328.0 0.0 5.6 NEAR S. COAST OF HONSHU,                
event name:     201311181910A  
time shift:      2.7300
half duration:   1.7000
latitude:       34.3500
longitude:     136.8600
depth:         339.9300
Mrr:       3.070000e+24
Mtt:      -4.440000e+23
Mpp:      -2.620000e+24
Mrt:       1.330000e+24
Mrp:      -2.820000e+24
Mtp:       7.400000e+23