PDEW 2013  1 18 12 42 50.80  31.0600   99.5500   8.0 5.4 5.4 SICHUAN, CHINA                          
event name:     201301181242A  
time shift:      1.6500
half duration:   1.5000
latitude:       30.9500
longitude:      99.5500
depth:          21.1900
Mrr:      -2.250000e+23
Mtt:       2.500000e+24
Mpp:      -2.280000e+24
Mrt:      -2.170000e+23
Mrp:       2.250000e+22
Mtp:       1.620000e+24