PDEW 2013  6 18 23  2  9.80  54.2600   86.1700   9.9 5.6 0.0 SOUTHWESTERN SIBERIA, RU                
event name:     201306182302A  
time shift:     -0.5000
half duration:   1.0000
latitude:       54.2800
longitude:      86.0000
depth:          12.0000
Mrr:       8.890000e+23
Mtt:      -5.430000e+23
Mpp:      -3.460000e+23
Mrt:       3.000000e+23
Mrp:      -3.120000e+23
Mtp:       2.580000e+23