PDEW 2013  1 24  7 35 39.40  49.8000   87.6400  20.1 5.3 0.0 KAZAKHSTAN-XINJIANG BORD                
event name:     201301240735A  
time shift:     -2.1000
half duration:   1.0000
latitude:       49.8000
longitude:      87.7500
depth:          19.6200
Mrr:       1.070000e+23
Mtt:      -6.640000e+23
Mpp:       5.570000e+23
Mrt:       2.020000e+23
Mrp:       2.330000e+23
Mtp:      -3.260000e+23