PDEW 2013 12 10  1 27 32.60  23.0700  143.0700  89.0 0.0 5.1 VOLCANO ISLANDS, JAPAN R                
event name:     201312100127A  
time shift:      2.5300
half duration:   0.9000
latitude:       23.0900
longitude:     143.0600
depth:          93.6500
Mrr:       1.390000e+23
Mtt:       2.600000e+23
Mpp:      -3.980000e+23
Mrt:      -2.380000e+23
Mrp:       1.850000e+23
Mtp:      -2.780000e+23