PDEW 2013  5 19 23 51 33.80  52.3500  160.0400  35.0 5.1 0.0 OFF EAST COAST OF KAMCHA                
event name:     201305192351A  
time shift:     -0.7800
half duration:   0.9000
latitude:       52.1500
longitude:     160.4500
depth:          28.4600
Mrr:       5.360000e+23
Mtt:      -2.140000e+23
Mpp:      -3.220000e+23
Mrt:       3.030000e+23
Mrp:       2.570000e+23
Mtp:      -2.620000e+23