PDEW 2013  8 11 21 23 43.80  30.0800   97.9300  19.7 0.0 5.7 XIZANG                                  
event name:     201308112123B  
time shift:     -0.6800
half duration:   1.9000
latitude:       30.0200
longitude:      97.9500
depth:          12.5600
Mrr:      -3.800000e+24
Mtt:       3.820000e+24
Mpp:      -2.060000e+22
Mrt:      -1.030000e+24
Mrp:       2.310000e+24
Mtp:       4.090000e+24