PDEW 2013 12 18 12 54 38.30  30.1600  138.6400 431.5 0.0 5.2 SOUTHEAST OF HONSHU, JAP                
event name:     201312181254A  
time shift:      2.4800
half duration:   1.0000
latitude:       30.2700
longitude:     138.4800
depth:         434.8700
Mrr:      -2.240000e+23
Mtt:       4.050000e+23
Mpp:      -1.810000e+23
Mrt:       2.950000e+23
Mrp:      -6.410000e+23
Mtp:      -1.360000e+23