PDEW 2013 10 15  8 42 49.60   9.7900  123.6900  16.0 0.0 5.7 NEGROS, PHILIPPINES                     
event name:     201310150842A  
time shift:      2.3500
half duration:   1.7000
latitude:        9.8200
longitude:     123.7900
depth:          12.1900
Mrr:       3.540000e+24
Mtt:      -1.730000e+24
Mpp:      -1.810000e+24
Mrt:      -2.190000e+24
Mrp:      -3.230000e+23
Mtp:      -2.130000e+24