PDEW 2015  6 18  8 28 57.10  21.7500  143.1200 291.3 0.0 5.1 MARIANA ISLANDS REGION                  
event name:     201506180828A  
time shift:      0.7700
half duration:   0.9000
latitude:       21.7300
longitude:     143.0200
depth:         285.9400
Mrr:       5.000000e+23
Mtt:      -6.010000e+23
Mpp:       1.010000e+23
Mrt:      -3.120000e+22
Mrp:       2.800000e+23
Mtp:       1.250000e+23