PDEW 2015 11 13 12 21 37.00  17.2800  147.2100  16.0 0.0 5.4 MARIANA ISLANDS REGION                  
event name:     201511131221A  
time shift:      3.9200
half duration:   1.3000
latitude:       17.2600
longitude:     147.4700
depth:          15.6500
Mrr:       1.430000e+24
Mtt:      -2.060000e+23
Mpp:      -1.220000e+24
Mrt:      -6.330000e+23
Mrp:       1.300000e+24
Mtp:       6.190000e+23