PDEW 2015  1 21  6 51 14.40  18.0000  146.5700  77.9 0.0 5.4 MARIANA ISLANDS                         
event name:     201501210651A  
time shift:      1.3300
half duration:   0.9000
latitude:       17.9500
longitude:     146.8600
depth:          78.4700
Mrr:      -3.090000e+23
Mtt:       5.550000e+22
Mpp:       2.540000e+23
Mrt:       6.370000e+22
Mrp:       4.830000e+23
Mtp:      -1.480000e+23