PDEW 2015 10 16  6 38 26.20  55.6000  159.2100 285.0 0.0 5.6 KAMCHATKA PENINSULA, RUS                
event name:     201510160638A  
time shift:      2.2900
half duration:   1.6000
latitude:       55.6700
longitude:     159.3700
depth:         283.8800
Mrr:      -2.810000e+24
Mtt:      -9.510000e+22
Mpp:       2.910000e+24
Mrt:       9.120000e+23
Mrp:      -2.430000e+24
Mtp:       3.690000e+23