PDEW 2015 10 20  9 29  8.80  27.0700  140.2100 304.0 0.0 5.7 BONIN ISLANDS, JAPAN REG                
event name:     201510200929A  
time shift:      2.0700
half duration:   1.7000
latitude:       27.1600
longitude:     140.1900
depth:         317.7300
Mrr:      -1.980000e+24
Mtt:       2.140000e+24
Mpp:      -1.590000e+23
Mrt:      -3.950000e+24
Mrp:       4.650000e+23
Mtp:       1.800000e+23