PDEW 2015  7  3  6 43 21.50  10.1700  125.8900  32.0 0.0 6.1 LEYTE, PHILIPPINES                      
event name:     201507030643A  
time shift:      2.8700
half duration:   2.8000
latitude:       10.0800
longitude:     126.2500
depth:          43.8300
Mrr:       1.600000e+25
Mtt:       2.180000e+24
Mpp:      -1.820000e+25
Mrt:       3.290000e+24
Mrp:       6.480000e+24
Mtp:       9.340000e+23