PDEW 2015 11 11 18 18 54.70  48.4300  149.0500 388.4 0.0 5.0 NORTHWEST OF KURIL ISLAN                
event name:     201511111818A  
time shift:      1.3200
half duration:   1.1000
latitude:       48.3300
longitude:     149.1100
depth:         390.9500
Mrr:       3.940000e+23
Mtt:      -4.240000e+22
Mpp:      -3.520000e+23
Mrt:      -3.200000e+23
Mrp:      -8.500000e+23
Mtp:       2.470000e+23