PDEW 2015  5  2 16 50 43.00  31.5300  140.2100  10.0 0.0 5.7 SOUTHEAST OF HONSHU, JAP                
event name:     201505021650A  
time shift:      6.7200
half duration:   1.8000
latitude:       31.4700
longitude:     139.9400
depth:          12.0000
Mrr:       4.440000e+24
Mtt:      -2.730000e+24
Mpp:      -1.720000e+24
Mrt:      -1.060000e+24
Mrp:      -2.810000e+24
Mtp:      -8.260000e+23