PDEW 2015  6 10  8 33  3.80  39.6800  143.3200  31.0 0.0 5.8 OFF EAST COAST OF HONSHU                
event name:     201506100833A  
time shift:     10.6300
half duration:   1.7000
latitude:       39.6600
longitude:     143.6400
depth:          22.0200
Mrr:       3.160000e+24
Mtt:      -1.800000e+23
Mpp:      -2.980000e+24
Mrt:       1.320000e+24
Mrp:       2.780000e+24
Mtp:      -6.350000e+23