PDEW 2015  2 26  1 11 23.80  38.4800  142.0400  52.0 0.0 5.0 NEAR EAST COAST OF HONSH                
event name:     201502260111A  
time shift:      2.7800
half duration:   0.9000
latitude:       38.4100
longitude:     142.0000
depth:          35.8900
Mrr:       9.520000e+22
Mtt:      -1.030000e+23
Mpp:       8.270000e+21
Mrt:       1.840000e+21
Mrp:      -4.860000e+23
Mtp:      -2.960000e+23