PDEW 2015  7 15 22 16 18.50  18.8300  145.1500 507.0 0.0 5.0 MARIANA ISLANDS                         
event name:     201507152216A  
time shift:      1.5900
half duration:   1.3000
latitude:       18.8900
longitude:     145.1100
depth:         515.9700
Mrr:      -3.510000e+23
Mtt:       5.720000e+23
Mpp:      -2.210000e+23
Mrt:      -6.850001e+23
Mrp:      -1.690000e+23
Mtp:       1.550000e+24