PDEW 2016  1 30  3 25 12.20  53.9800  158.5400 177.0 0.0 7.2 NEAR EAST COAST OF KAMCH                
event name:     201601300325A  
time shift:      7.5800
half duration:  10.0000
latitude:       53.8600
longitude:     158.7300
depth:         168.0700
Mrr:      -4.120000e+26
Mtt:       5.530000e+26
Mpp:      -1.410000e+26
Mrt:      -5.160000e+26
Mrp:      -3.350000e+26
Mtp:      -3.410000e+26