PDEW 2016  8 22  9 33  7.80  29.8800  139.1400 391.0 0.0 5.6 SOUTHEAST OF HONSHU, JAP                
event name:     201608220933A  
time shift:      1.9500
half duration:   1.5000
latitude:       29.9500
longitude:     138.8900
depth:         408.8400
Mrr:      -6.590000e+23
Mtt:       1.690000e+24
Mpp:      -1.030000e+24
Mrt:       2.330000e+24
Mrp:      -1.080000e+24
Mtp:       5.830000e+23