PDEW 2016  8 14 11 15 15.00  50.4700  142.2700  11.0 0.0 5.7 SAKHALIN, RUSSIA                        
event name:     201608141115A  
time shift:      2.1700
half duration:   1.9000
latitude:       50.4500
longitude:     142.3000
depth:          12.4700
Mrr:       4.280000e+24
Mtt:      -5.010000e+23
Mpp:      -3.780000e+24
Mrt:       6.340000e+23
Mrp:      -3.220000e+24
Mtp:       2.010000e+24