PDEW 2016  4 18 11 42  0.20  33.0100  131.1000  10.5 0.0 5.5 KYUSHU, JAPAN                           
event name:     201604181142A  
time shift:      1.7700
half duration:   1.4000
latitude:       33.0000
longitude:     131.1200
depth:          13.2400
Mrr:       9.750000e+22
Mtt:       2.210000e+24
Mpp:      -2.310000e+24
Mrt:       1.590000e+23
Mrp:      -5.120000e+23
Mtp:       8.830000e+22