PDEW 2016  7 25 15 11 54.50  26.5100  128.7000  21.0 0.0 5.2 RYUKYU ISLANDS, JAPAN                   
event name:     201607251511A  
time shift:      2.9500
half duration:   1.0000
latitude:       26.4900
longitude:     128.7100
depth:          24.2100
Mrr:       6.640000e+23
Mtt:      -2.520000e+23
Mpp:      -4.120000e+23
Mrt:       4.690000e+23
Mrp:       4.770000e+23
Mtp:      -3.560000e+23