PDEW 2016  8 20 16 10 34.70  40.4200  143.6300  10.0 0.0 5.2 OFF EAST COAST OF HONSHU                
event name:     201608201610A  
time shift:      4.8000
half duration:   1.1000
latitude:       40.3800
longitude:     143.8200
depth:          20.6200
Mrr:       5.290000e+23
Mtt:      -3.620000e+21
Mpp:      -5.250000e+23
Mrt:       5.190000e+23
Mrp:       8.550000e+23
Mtp:      -1.350000e+23