PDEW 2016  9  3 12 26 43.50  31.4500  138.4900 326.7 0.0 5.0 SOUTHEAST OF HONSHU, JAP                
event name:     201609031226A  
time shift:      2.7200
half duration:   1.3000
latitude:       31.7800
longitude:     137.9600
depth:         343.3800
Mrr:      -2.380000e+23
Mtt:      -2.990000e+23
Mpp:       5.360000e+23
Mrt:      -1.470000e+24
Mrp:      -1.370000e+24
Mtp:      -3.870000e+22