PDEW 2016 12 20 13 51 17.20  16.0900  119.6700  50.2 0.0 5.0 LUZON, PHILIPPINES                      
event name:     201612201351A  
time shift:      0.7500
half duration:   1.0000
latitude:       16.2500
longitude:     119.4700
depth:          14.0800
Mrr:       5.290000e+23
Mtt:       8.040000e+22
Mpp:      -6.090000e+23
Mrt:      -1.120000e+23
Mrp:      -5.360000e+23
Mtp:       1.530000e+22