PDEW 2016  8  4 16 24 33.50  24.9400  142.0100 510.0 0.0 6.3 VOLCANO ISLANDS, JAPAN R                
event name:     201608041624A  
time shift:      4.6900
half duration:   3.3000
latitude:       24.9800
longitude:     141.9100
depth:         522.7000
Mrr:      -1.270000e+25
Mtt:       5.020000e+24
Mpp:       7.680000e+24
Mrt:      -5.040000e+24
Mrp:      -2.640000e+25
Mtp:      -1.370000e+25