PDEW 2016  6 28  9 32 30.80  55.1500  159.6200  10.0 0.0 5.3 KAMCHATKA PENINSULA, RUS                
event name:     201606280932A  
time shift:      3.4400
half duration:   0.9000
latitude:       55.2400
longitude:     159.6300
depth:          13.2700
Mrr:      -3.850000e+23
Mtt:       5.060000e+23
Mpp:      -1.210000e+23
Mrt:       3.330000e+23
Mrp:      -1.730000e+23
Mtp:      -3.910000e+22