PDEW 2017  6 15  3 11  6.60  19.7900  122.5000 187.2 0.0 5.1 PHILIPPINE ISLANDS REGIO                
event name:     201706150311A  
time shift:      2.7600
half duration:   0.9000
latitude:       19.8700
longitude:     122.5000
depth:         188.9900
Mrr:      -2.790000e+23
Mtt:       3.500000e+23
Mpp:      -7.130000e+22
Mrt:      -3.730000e+23
Mrp:       1.950000e+23
Mtp:       5.110000e+23