PDEW 2017  5 20  1  6 14.20   9.3900  123.9600 533.0 0.0 6.0 NEGROS, PHILIPPINES                     
event name:     201705200106A  
time shift:      2.2200
half duration:   2.4000
latitude:        9.3300
longitude:     124.0200
depth:         544.5800
Mrr:      -2.100000e+24
Mtt:      -4.650000e+24
Mpp:       6.750000e+24
Mrt:      -8.750000e+24
Mrp:       3.850000e+24
Mtp:      -3.600000e+24