PDEW 2017 12 31  3 48 57.40  29.6800  129.3000 162.8 0.0 5.0 RYUKYU ISLANDS, JAPAN                   
event name:     201712310348A  
time shift:      2.1400
half duration:   0.9000
latitude:       29.6500
longitude:     129.3900
depth:         177.4300
Mrr:       3.390000e+23
Mtt:      -4.380000e+22
Mpp:      -2.950000e+23
Mrt:       1.540000e+23
Mrp:       5.760000e+23
Mtp:       2.240000e+23