PDEW 2017  7 12 19 48  7.80  40.8500  131.6600 545.0 0.0 5.9 SEA OF JAPAN                            
event name:     201707121948A  
time shift:      1.5700
half duration:   2.2000
latitude:       40.8900
longitude:     131.5600
depth:         556.3500
Mrr:      -7.610001e+23
Mtt:       6.690000e+24
Mpp:      -5.930000e+24
Mrt:      -1.470000e+24
Mrp:      -4.650000e+24
Mtp:      -5.380000e+24