PDEW 2017  3  5  0  8 18.00   9.8300  125.5000  10.5 0.0 5.7 MINDANAO, PHILIPPINES                   
event name:     201703050008A  
time shift:      4.5300
half duration:   1.8000
latitude:        9.8400
longitude:     125.4800
depth:          20.3300
Mrr:      -1.380000e+23
Mtt:       3.310000e+24
Mpp:      -3.170000e+24
Mrt:      -1.750000e+24
Mrp:      -1.870000e+24
Mtp:      -2.480000e+24