PDEW 2017 11  9  7 42 11.00  32.5200  141.4400  12.0 0.0 6.0 SOUTHEAST OF HONSHU, JAP                
event name:     201711090742A  
time shift:      4.9600
half duration:   2.4000
latitude:       32.4500
longitude:     141.5200
depth:          18.7200
Mrr:       1.070000e+25
Mtt:       8.140000e+23
Mpp:      -1.150000e+25
Mrt:      -7.170000e+23
Mrp:       4.640000e+24
Mtp:      -2.600000e+23