PDEW 2017 12 31 14 53 31.60   5.4900  124.9000  30.8 0.0 5.1 MINDANAO, PHILIPPINES                   
event name:     201712311453A  
time shift:      1.0000
half duration:   0.9000
latitude:        5.4700
longitude:     124.8900
depth:          25.1900
Mrr:       3.000000e+23
Mtt:      -1.490000e+23
Mpp:      -1.510000e+23
Mrt:       3.910000e+23
Mrp:       3.780000e+22
Mtp:       4.140000e+23