PDEW 2017  1 12 17  4 59.80  41.7500  132.9900 497.9 0.0 5.4 SEA OF JAPAN                            
event name:     201701121704A  
time shift:     -0.2800
half duration:   1.2000
latitude:       41.7600
longitude:     132.9600
depth:         495.6400
Mrr:      -2.630000e+22
Mtt:       1.180000e+24
Mpp:      -1.150000e+24
Mrt:      -2.970000e+23
Mrp:      -7.500000e+23
Mtp:       5.580000e+23