PDEW 2017  3 13  8 49  5.30  14.3900  145.2100  99.0 0.0 5.5 MARIANA ISLANDS                         
event name:     201703130849A  
time shift:      2.4400
half duration:   1.5000
latitude:       14.3200
longitude:     145.3100
depth:         107.6200
Mrr:      -1.550000e+24
Mtt:       1.280000e+24
Mpp:       2.760000e+23
Mrt:       9.260001e+23
Mrp:      -2.020000e+24
Mtp:      -8.200000e+23