PDEW 2017  5 22 11  0 58.00  43.9200  147.7200  54.0 0.0 5.5 KURIL ISLANDS                           
event name:     201705221100A  
time shift:      1.3000
half duration:   1.5000
latitude:       43.8800
longitude:     147.8500
depth:          54.9700
Mrr:       1.560000e+24
Mtt:       1.090000e+24
Mpp:      -2.650000e+24
Mrt:       1.550000e+24
Mrp:       7.910000e+23
Mtp:      -8.540000e+23