PDEW 2017  4 20 15 20 43.20  49.2700  156.0700  38.6 0.0 5.1 KURIL ISLANDS                           
event name:     201704201520A  
time shift:      2.7600
half duration:   1.0000
latitude:       49.1500
longitude:     156.4900
depth:          27.1500
Mrr:       8.330000e+23
Mtt:      -2.890000e+23
Mpp:      -5.440000e+23
Mrt:       2.410000e+23
Mrp:       4.410000e+23
Mtp:      -3.650000e+23