PDEW 2018  5 10 18  2 29.00   6.8700  123.7600 535.0 0.0 5.9 MINDANAO, PHILIPPINES                   
event name:     201805101802A  
time shift:      0.7800
half duration:   2.1000
latitude:        6.9500
longitude:     123.7000
depth:         543.0800
Mrr:      -3.470000e+24
Mtt:      -1.130000e+24
Mpp:       4.600000e+24
Mrt:       2.050000e+24
Mrp:      -5.950000e+24
Mtp:       3.520000e+24