PDEW 2018  2  6 19 15 29.10  23.9900  121.7600  14.0 0.0 5.4 TAIWAN                                  
event name:     201802061915A  
time shift:      3.1900
half duration:   1.3000
latitude:       23.9400
longitude:     121.8300
depth:          18.3900
Mrr:       1.370000e+24
Mtt:      -9.250000e+23
Mpp:      -4.400000e+23
Mrt:       1.240000e+24
Mrp:       9.130000e+23
Mtp:      -7.050000e+23