PDEW 2018  4 13 21 46 53.40  46.5400  150.8700 106.4 0.0 5.0 KURIL ISLANDS                           
event name:     201804132146A  
time shift:      2.6800
half duration:   0.8000
latitude:       46.4800
longitude:     151.1900
depth:         111.1000
Mrr:      -1.600000e+23
Mtt:       1.820000e+23
Mpp:      -2.260000e+22
Mrt:      -3.040000e+23
Mrp:      -4.110000e+23
Mtp:      -9.560000e+22