PDEW 2018  2 11 23 14 15.10  13.8200  146.4400  10.0 0.0 6.0 SOUTH OF MARIANA ISLANDS                
event name:     201802112314A  
time shift:      5.0300
half duration:   2.4000
latitude:       13.6600
longitude:     146.6500
depth:          18.2200
Mrr:      -4.680000e+24
Mtt:      -3.220000e+24
Mpp:       7.900000e+24
Mrt:       6.450000e+24
Mrp:       4.480000e+24
Mtp:       5.630000e+24