PDEW 2011  7 13  7 19 41.20  25.0800  123.6800 121.5 5.2 0.0 NORTHEAST OF TAIWAN                     
event name:     201107130719A  
time shift:      1.7000
half duration:   1.0000
latitude:       25.0100
longitude:     123.7400
depth:         126.8200
Mrr:      -8.140000e+22
Mtt:       2.330000e+23
Mpp:      -1.520000e+23
Mrt:      -7.510000e+23
Mrp:      -2.910000e+23
Mtp:      -1.170000e+23