 PDE 2011 01 05 00 57 32.20   31.5500  142.1800  21.4 5.6 5.6 SOUTHEAST OF HONSHU, JAPAN
event name:   C201101050057A
time shift:           1.5000
half duration:        1.5000
latitude:            31.4900
longitude:          142.2900
depth:               12.4000
Mrr:           -2.880000E+24
Mtt:           -2.080000E+23
Mpp:            3.090000E+24
Mrt:            2.510000E+23
Mrp:            8.050000E+23
Mtp:           -5.570000E+23
