PDEW 2009  5  1 12 57 10.50  26.2800  140.4300 434.5 5.4 0.0 BONIN ISLANDS, JAPAN REG                
event name:     200905011257A  
time shift:      0.2900
half duration:   1.0000
latitude:       26.2100
longitude:     140.3600
depth:         414.7400
Mrr:      -4.620000e+23
Mtt:      -1.650000e+23
Mpp:       6.270000e+23
Mrt:      -8.770000e+23
Mrp:       6.410000e+22
Mtp:       2.140000e+23