PDEW 2009  7 10  0 49 11.10  47.9100  148.2600 389.0 5.3 0.0 NORTHWEST OF KURIL ISLAN                
event name:     200907100049A  
time shift:      2.4800
half duration:   1.2000
latitude:       47.7800
longitude:     148.3900
depth:         387.6600
Mrr:       8.110000e+22
Mtt:       7.590000e+22
Mpp:      -1.570000e+23
Mrt:       4.490000e+23
Mrp:      -1.240000e+24
Mtp:      -2.050000e+23