PDEW 2009  7 11 15 19 30.10   9.9300  122.1400  14.6 5.0 0.0 NEGROS, PHILIPPINES                     
event name:     200907111519A  
time shift:      4.7600
half duration:   0.9000
latitude:       10.0000
longitude:     122.0600
depth:          19.3000
Mrr:       3.740000e+23
Mtt:      -7.870000e+22
Mpp:      -2.950000e+23
Mrt:      -2.840000e+23
Mrp:      -4.460000e+23
Mtp:      -1.560000e+23