PDEW 2009  4 17 14 51 58.70  46.1700  151.7000  49.1 5.5 5.7 KURIL ISLANDS                           
event name:     200904171452A  
time shift:      3.1500
half duration:   1.6000
latitude:       46.0600
longitude:     151.9700
depth:          50.1400
Mrr:       2.970000e+24
Mtt:      -1.430000e+24
Mpp:      -1.540000e+24
Mrt:       5.860000e+23
Mrp:       1.170000e+24
Mtp:      -1.600000e+24