PDEW 2009 10 29 17  0 38.60  27.2600   91.4200  26.0 5.3 0.0 BHUTAN                                  
event name:     200910291700A  
time shift:      1.6300
half duration:   0.8000
latitude:       27.2000
longitude:      91.6200
depth:          15.0600
Mrr:       1.200000e+23
Mtt:      -1.560000e+23
Mpp:       3.600000e+22
Mrt:       5.780000e+23
Mrp:      -5.710000e+22
Mtp:       4.190000e+22