PDEW 2010  7 30 20 43  5.30  27.6900  139.6700 496.9 4.8 0.0 BONIN ISLANDS, JAPAN REG                
event name:     201007302043A  
time shift:      2.5500
half duration:   1.0000
latitude:       27.7100
longitude:     139.5600
depth:         504.1600
Mrr:      -4.840000e+23
Mtt:       5.180000e+23
Mpp:      -3.460000e+22
Mrt:       6.270000e+23
Mrp:      -5.800000e+23
Mtp:       5.080000e+22