PDEW 2010 12 18 14  2 18.90  18.5000  146.4600  35.0 5.4 5.2 MARIANA ISLANDS                         
event name:     201012181402A  
time shift:      4.6300
half duration:   1.1000
latitude:       18.5800
longitude:     146.8300
depth:          43.7400
Mrr:       9.430000e+23
Mtt:       8.400000e+22
Mpp:      -1.030000e+24
Mrt:      -4.740000e+22
Mrp:       2.300000e+23
Mtp:       9.310000e+22