PDEW 2010  8 24 20 48  4.60   6.7500  123.5600 594.5 5.0 0.0 MINDANAO, PHILIPPINES                   
event name:     201008242048A  
time shift:      3.1900
half duration:   1.0000
latitude:        7.1000
longitude:     123.7300
depth:         608.7300
Mrr:      -3.730000e+23
Mtt:       2.870000e+23
Mpp:       8.560000e+22
Mrt:      -1.180000e+23
Mrp:      -7.850000e+23
Mtp:       2.170000e+23