PDEW 2010 12 25 11 41  5.80  26.7900  143.5800  10.0 5.1 0.0 BONIN ISLANDS, JAPAN REG                
event name:     201012251141A  
time shift:      2.1700
half duration:   0.8000
latitude:       26.9700
longitude:     143.7800
depth:          12.0000
Mrr:      -4.070000e+23
Mtt:       2.580000e+23
Mpp:       1.490000e+23
Mrt:       3.130000e+23
Mrp:      -1.350000e+22
Mtp:      -2.190000e+23