PDEW 2010 11  5 16 40 36.90  12.7400  123.0500  10.0 5.6 5.7 LUZON, PHILIPPINES                      
event name:     201011051640A  
time shift:      2.9000
half duration:   1.8000
latitude:       12.9200
longitude:     122.9700
depth:          16.1600
Mrr:      -4.340000e+22
Mtt:       4.860000e+24
Mpp:      -4.820000e+24
Mrt:       9.830000e+23
Mrp:      -9.110001e+22
Mtp:       2.330000e+24