PDEW 2010 10  5  8 26 28.10   6.7600  123.6900 602.3 5.0 0.0 MINDANAO, PHILIPPINES                   
event name:     201010050826A  
time shift:      1.3600
half duration:   0.9000
latitude:        6.9100
longitude:     123.6800
depth:         605.7300
Mrr:      -1.410000e+23
Mtt:       5.770000e+23
Mpp:      -4.370000e+23
Mrt:       1.000000e+23
Mrp:      -4.110000e+23
Mtp:       2.990000e+23