PDEW 2010  8  7 16  4  7.00  29.4800  128.3200 236.0 5.3 0.0 NORTHWEST OF RYUKYU ISLA                
event name:     201008071604A  
time shift:      0.4900
half duration:   1.7000
latitude:       29.4800
longitude:     128.3200
depth:         236.0000
Mrr:      -1.310000e+23
Mtt:       1.040000e+23
Mpp:       2.640000e+22
Mrt:      -1.170000e+24
Mrp:      -3.800000e+23
Mtp:      -2.900000e+23