PDEW 2010  7 26 23  6 49.80   6.6700  123.2500 625.7 5.3 5.4 MINDANAO, PHILIPPINES                   
event name:     201007262306A  
time shift:      1.5100
half duration:   1.2000
latitude:        6.7600
longitude:     123.2700
depth:         634.5700
Mrr:      -8.630000e+23
Mtt:       6.030000e+23
Mpp:       2.610000e+23
Mrt:      -6.460000e+23
Mrp:       8.680000e+23
Mtp:      -9.260001e+23