PDEW 2011  4 16  9 20 25.70  27.9400  139.4000 506.2 4.8 0.0 BONIN ISLANDS, JAPAN REG                
event name:     201104160920A  
time shift:      1.5100
half duration:   0.9000
latitude:       27.8800
longitude:     139.2400
depth:         517.3400
Mrr:      -1.990000e+23
Mtt:       4.950000e+23
Mpp:      -2.960000e+23
Mrt:       3.470000e+23
Mrp:      -4.720000e+23
Mtp:      -1.180000e+23