PDEW 2011  3 12 11 46 00.00  35.7400  141.6800  10.0 5.6 0.0 NEAR EAST COAST OF HONSH                
event name:     201103121146A  
time shift:      0.7700
half duration:   1.1000
latitude:       35.8300
longitude:     141.8600
depth:          12.0000
Mrr:       2.080000e+23
Mtt:       4.180000e+22
Mpp:      -2.500000e+23
Mrt:       8.120000e+23
Mrp:      -6.290001e+23
Mtp:      -2.410000e+23