PDEW 2011 10 30  3 23 46.00  25.3700  122.8700 224.2 5.4 5.7 TAIWAN REGION                           
event name:     201110300323A  
time shift:      1.0900
half duration:   1.7000
latitude:       25.3200
longitude:     122.9100
depth:         213.1000
Mrr:       1.630000e+24
Mtt:      -2.170000e+24
Mpp:       5.410000e+23
Mrt:       3.430000e+24
Mrp:      -7.470000e+23
Mtp:      -6.120000e+23