PDEW 2011 12  9 19 42 57.30  47.0100  144.5500 392.2 5.7 5.8 SEA OF OKHOTSK                          
event name:     201112091942A  
time shift:      1.8400
half duration:   1.8000
latitude:       46.9300
longitude:     144.6000
depth:         389.9900
Mrr:       6.900001e+23
Mtt:       2.340000e+24
Mpp:      -3.030000e+24
Mrt:      -2.900000e+24
Mrp:      -3.320000e+24
Mtp:      -2.190000e+24