PDEW 2011  9 19  9  7 22.20  47.8600  147.3100 410.5 4.8 0.0 NORTHWEST OF KURIL ISLAN                
event name:     201109190907A  
time shift:      2.3400
half duration:   1.0000
latitude:       47.9000
longitude:     147.6100
depth:         402.6200
Mrr:       4.990000e+23
Mtt:      -1.090000e+23
Mpp:      -3.900000e+23
Mrt:       5.650000e+22
Mrp:      -5.950000e+23
Mtp:       1.690000e+23