PDEW 2011 12 12  9 28 42.00  50.7200  143.0400  16.6 5.0 0.0 SAKHALIN, RUSSIA                        
event name:     201112120928A  
time shift:      0.3100
half duration:   0.9000
latitude:       50.7000
longitude:     142.9700
depth:          16.4000
Mrr:      -1.780000e+22
Mtt:       6.030000e+23
Mpp:      -5.850000e+23
Mrt:       9.780000e+22
Mrp:      -5.930000e+22
Mtp:       1.490000e+23