PDEW 2011  5 22 16 42 24.50  13.6000  120.7500 148.6 5.5 5.7 MINDORO, PHILIPPINES                    
event name:     201105221642A  
time shift:     -1.1500
half duration:   1.7000
latitude:       13.6700
longitude:     120.6800
depth:         127.7000
Mrr:       4.040000e+24
Mtt:      -5.930000e+23
Mpp:      -3.450000e+24
Mrt:       2.290000e+23
Mrp:       1.360000e+24
Mtp:       7.390000e+23