PDEW 2011 11 28 15  6 51.80  25.2000   97.6100  32.7 5.1 0.0 MYANMAR-CHINA BORDER REG                
event name:     201111281506A  
time shift:     -1.9000
half duration:   0.9000
latitude:       25.0900
longitude:      97.6700
depth:          17.6200
Mrr:      -1.210000e+22
Mtt:       4.310000e+23
Mpp:      -4.190000e+23
Mrt:       9.580001e+22
Mrp:      -6.470000e+22
Mtp:       5.270000e+23