PDEW 2011  4 16  1 11 10.70  25.4200  123.8900 134.3 5.9 5.8 NORTHEAST OF TAIWAN                     
event name:     201104160111A  
time shift:      1.6100
half duration:   1.9000
latitude:       25.3000
longitude:     123.9800
depth:         138.0800
Mrr:      -2.270000e+24
Mtt:      -1.580000e+23
Mpp:       2.430000e+24
Mrt:      -3.870000e+24
Mrp:      -4.100000e+24
Mtp:       4.440000e+23