PDEW 2012 10 23  8 53 38.20  29.0600  139.2500 436.0 6.0 6.0 SOUTHEAST OF HONSHU, JAP                
event name:     201210230853A  
time shift:      2.2900
half duration:   2.3000
latitude:       29.0700
longitude:     139.1900
depth:         443.0400
Mrr:      -1.210000e+24
Mtt:       4.580000e+24
Mpp:      -3.370000e+24
Mrt:       3.530000e+24
Mrp:      -7.840000e+24
Mtp:      -2.950000e+24