PDEW 2012  4 18  5 37 55.90  28.6900  138.7700 493.8 5.1 5.5 BONIN ISLANDS, JAPAN REG                
event name:     201204180537A  
time shift:      1.6400
half duration:   1.3000
latitude:       28.7500
longitude:     138.6600
depth:         493.9400
Mrr:      -3.150000e+23
Mtt:       7.290000e+23
Mpp:      -4.140000e+23
Mrt:       4.710000e+23
Mrp:      -1.450000e+24
Mtp:      -7.900000e+23