PDEW 2012  2 26 11 59  6.80  51.6900   95.9900  15.9 5.2 0.0 SOUTHWESTERN SIBERIA, RU                
event name:     201202261159A  
time shift:     -0.9600
half duration:   0.8000
latitude:       51.7400
longitude:      96.0300
depth:          17.6100
Mrr:       4.440000e+23
Mtt:      -5.700000e+23
Mpp:       1.260000e+23
Mrt:       1.600000e+23
Mrp:       1.480000e+22
Mtp:       6.380000e+22