PDEW 2012  5 11 20 34 25.30  30.6700  138.6100 389.1 5.1 0.0 SOUTHEAST OF HONSHU, JAP                
event name:     201205112034A  
time shift:      2.2100
half duration:   1.0000
latitude:       30.7500
longitude:     138.4700
depth:         402.9000
Mrr:      -5.260000e+23
Mtt:       4.560000e+23
Mpp:       6.950000e+22
Mrt:       1.230000e+23
Mrp:      -6.870000e+23
Mtp:       2.490000e+23