PDEW 2012  5 26 20  0 26.50  26.9600  140.2800 490.1 4.7 0.0 BONIN ISLANDS, JAPAN REG                
event name:     201205262000A  
time shift:      2.0000
half duration:   1.0000
latitude:       27.0200
longitude:     140.1900
depth:         485.2300
Mrr:      -7.840000e+23
Mtt:       6.430001e+23
Mpp:       1.410000e+23
Mrt:      -6.480000e+21
Mrp:      -4.330000e+23
Mtp:      -5.440000e+23