PDEW 2012  1 29  0  6 52.00   5.9400  124.7300 387.9 5.2 0.0 MINDANAO, PHILIPPINES                   
event name:     201201290006A  
time shift:      0.5400
half duration:   1.2000
latitude:        5.8900
longitude:     124.5700
depth:         384.7100
Mrr:      -3.600000e+23
Mtt:      -3.510000e+23
Mpp:       7.100000e+23
Mrt:      -2.120000e+23
Mrp:      -1.150000e+24
Mtp:      -4.060000e+23