PDEW 2012  2 26  2 35  0.50  22.6600  120.8900  28.0 5.9 5.9 TAIWAN                                  
event name:     201202260234A  
time shift:      1.0800
half duration:   2.3000
latitude:       22.6900
longitude:     120.7000
depth:          25.0000
Mrr:       3.470000e+24
Mtt:       6.150001e+23
Mpp:      -4.080000e+24
Mrt:      -6.600000e+23
Mrp:      -8.990000e+24
Mtp:       2.310000e+24