PDEW 2013  3 29  5  1  9.60  43.4600   86.8500  20.0 5.5 5.5 NORTHERN XINJIANG, CHINA                
event name:     201303290501A  
time shift:      1.9300
half duration:   1.3000
latitude:       43.5200
longitude:      86.9600
depth:          38.5500
Mrr:      -1.700000e+22
Mtt:      -7.200000e+23
Mpp:       7.360000e+23
Mrt:      -1.170000e+24
Mrp:      -1.290000e+23
Mtp:       1.250000e+24