PDEW 2013  2 25  7 23 56.00  36.8400  139.2400  10.0 5.9 5.8 EASTERN HONSHU, JAPAN                   
event name:     201302250723A  
time shift:      1.6000
half duration:   1.9000
latitude:       36.8900
longitude:     139.3900
depth:          12.8300
Mrr:      -5.480000e+23
Mtt:       3.260000e+24
Mpp:      -2.710000e+24
Mrt:      -4.990000e+23
Mrp:      -1.210000e+23
Mtp:      -5.550000e+24