PDEW 2013 12 11 16 14 39.40  34.0100   89.1900  25.6 0.0 4.9 XIZANG                                  
event name:     201312111614A  
time shift:      0.7900
half duration:   0.8000
latitude:       33.9600
longitude:      89.3000
depth:          15.6800
Mrr:      -3.880000e+23
Mtt:      -3.370000e+22
Mpp:       4.210000e+23
Mrt:      -1.560000e+23
Mrp:       1.920000e+23
Mtp:       2.260000e+23