PDEW 2013  8 31 23 52  7.00  47.9900  148.1300 393.2 4.9 0.0 NORTHWEST OF KURIL ISLAN                
event name:     201308312352A  
time shift:      1.8900
half duration:   1.8000
latitude:       47.8600
longitude:     148.1200
depth:         389.2900
Mrr:      -3.490000e+22
Mtt:       2.430000e+24
Mpp:      -2.400000e+24
Mrt:       1.880000e+24
Mrp:      -3.610000e+24
Mtp:      -1.310000e+24