PDEW 2013 11 22 22  4 25.30  44.5900  124.1500  10.0 0.0 5.3 NORTHEASTERN CHINA                      
event name:     201311222204A  
time shift:      0.6900
half duration:   1.0000
latitude:       44.6500
longitude:     124.0600
depth:          12.0000
Mrr:       5.410000e+23
Mtt:       4.160000e+23
Mpp:      -9.570000e+23
Mrt:      -3.830000e+23
Mrp:      -2.680000e+23
Mtp:      -3.230000e+22