PDEW 2013  8  4 15 56 35.00  46.9900  145.2200 375.4 5.4 5.8 SEA OF OKHOTSK                          
event name:     201308041556A  
time shift:      1.8800
half duration:   2.0000
latitude:       46.9700
longitude:     145.2200
depth:         378.0100
Mrr:       1.170000e+24
Mtt:       3.110000e+24
Mpp:      -4.280000e+24
Mrt:      -4.680000e+24
Mrp:      -3.470000e+24
Mtp:      -1.780000e+24