PDEW 2013 11 20 10  9 18.40  12.4000   95.1500  10.3 0.0 5.5 ANDAMAN ISLANDS, INDIA R                
event name:     201311201009A  
time shift:      2.1500
half duration:   1.6000
latitude:       12.2400
longitude:      95.2000
depth:          12.0000
Mrr:      -1.840000e+24
Mtt:       1.460000e+24
Mpp:       3.770000e+23
Mrt:       1.550000e+24
Mrp:       1.850000e+23
Mtp:       2.580000e+24