PDEW 2013 11 23 23 30 42.50  36.5800   86.8500   7.2 0.0 5.4 SOUTHERN XINJIANG, CHINA                
event name:     201311232330A  
time shift:      3.5300
half duration:   1.7000
latitude:       36.7500
longitude:      86.8000
depth:          17.1000
Mrr:      -4.820000e+23
Mtt:      -1.930000e+24
Mpp:       2.410000e+24
Mrt:       3.150000e+23
Mrp:       6.730000e+23
Mtp:       3.220000e+24