PDEW 2013  5  6 13 14 33.90  37.4100  143.6700  11.3 5.0 0.0 OFF EAST COAST OF HONSHU                
event name:     201305061314A  
time shift:      3.6900
half duration:   0.8000
latitude:       37.5200
longitude:     143.7400
depth:          17.5900
Mrr:      -1.500000e+23
Mtt:      -3.120000e+23
Mpp:       4.620000e+23
Mrt:       1.720000e+23
Mrp:       2.000000e+23
Mtp:       1.200000e+23