PDEW 2013  3  4 20 56 35.40  50.8100  157.2200  49.2 5.3 4.8 KURIL ISLANDS                           
event name:     201303042056A  
time shift:      1.3900
half duration:   1.1000
latitude:       50.6100
longitude:     157.7100
depth:          44.2900
Mrr:       1.140000e+24
Mtt:      -3.490000e+23
Mpp:      -7.890000e+23
Mrt:       2.610000e+23
Mrp:       4.460000e+23
Mtp:      -5.450000e+23