PDEW 2013 10 29 20 17 50.70  43.2400  130.8800 554.3 0.0 5.1 E. RUSSIA-N.E. CHINA BOR                
event name:     201310292017A  
time shift:      1.6400
half duration:   1.1000
latitude:       43.2000
longitude:     130.8600
depth:         560.3200
Mrr:      -3.830000e+23
Mtt:       3.020000e+23
Mpp:       8.120000e+22
Mrt:       6.800000e+23
Mrp:      -3.670000e+23
Mtp:      -7.350000e+23