PDEW 2013 11  3  7  2  5.40  35.5300   88.2300  10.0 0.0 4.5 XIZANG                                  
event name:     201311030702A  
time shift:      3.5100
half duration:   0.8000
latitude:       35.5500
longitude:      88.1300
depth:          26.4900
Mrr:      -5.500000e+22
Mtt:      -4.750000e+23
Mpp:       5.300000e+23
Mrt:      -6.220000e+22
Mrp:      -3.390000e+22
Mtp:       5.440000e+22