PDEW 2013 10 31  3  3 34.10  44.7200  124.0000  10.7 0.0 5.1 NORTHEASTERN CHINA                      
event name:     201310310303A  
time shift:      2.1400
half duration:   1.0000
latitude:       44.7500
longitude:     124.0200
depth:          12.0000
Mrr:       6.300000e+23
Mtt:       2.120000e+23
Mpp:      -8.410000e+23
Mrt:      -2.830000e+23
Mrp:      -1.890000e+23
Mtp:       3.070000e+21