PDEW 2015  5 25  6 37 40.90  41.8500  135.3900 385.8 0.0 5.1 SEA OF JAPAN                            
event name:     201505250637A  
time shift:      1.9700
half duration:   1.1000
latitude:       41.9000
longitude:     135.1800
depth:         393.3600
Mrr:       1.950000e+23
Mtt:      -1.100000e+23
Mpp:      -8.540001e+22
Mrt:      -8.790000e+22
Mrp:      -1.060000e+24
Mtp:      -2.020000e+22