PDEW 2015  3  1 10 24 41.40  23.5700   98.8500  10.0 0.0 5.2 MYANMAR-CHINA BORDER REG                
event name:     201503011024A  
time shift:      1.6300
half duration:   1.0000
latitude:       23.4900
longitude:      99.0400
depth:          18.3000
Mrr:       3.180000e+22
Mtt:      -6.330000e+23
Mpp:       6.010000e+23
Mrt:       3.470000e+21
Mrp:       4.430000e+23
Mtp:       5.970000e+23