PDEW 2015  2 12 14 33  7.80  24.0000   93.9200  65.8 0.0 4.8 MYANMAR-INDIA BORDER REG                
event name:     201502121433A  
time shift:      2.4900
half duration:   0.8000
latitude:       23.9700
longitude:      93.9300
depth:          96.4500
Mrr:       7.030000e+22
Mtt:      -2.070000e+23
Mpp:       1.370000e+23
Mrt:      -1.490000e+23
Mrp:       5.750000e+22
Mtp:       4.160000e+23