PDEW 2015  2 19 16 32 47.40  52.8100  159.0100  82.0 0.0 5.4 OFF EAST COAST OF KAMCHA                
event name:     201502191632A  
time shift:      3.9000
half duration:   1.3000
latitude:       52.8500
longitude:     159.2900
depth:          97.0800
Mrr:       2.120000e+23
Mtt:       1.850000e+22
Mpp:      -2.300000e+23
Mrt:      -6.420000e+23
Mrp:      -1.530000e+24
Mtp:      -2.120000e+23