PDEW 2015  1 31 12 29 30.60  15.2400  147.1200   5.0 0.0 5.5 MARIANA ISLANDS REGION                  
event name:     201501311229A  
time shift:      4.2000
half duration:   1.6000
latitude:       15.2600
longitude:     147.3400
depth:          12.0000
Mrr:       3.020000e+24
Mtt:      -8.240000e+23
Mpp:      -2.190000e+24
Mrt:      -2.090000e+23
Mrp:       1.610000e+24
Mtp:       1.700000e+24