PDEW 2015  2  2 15 13 39.80  13.9800  124.5800  17.0 0.0 5.4 LUZON, PHILIPPINES                      
event name:     201502021513A  
time shift:      4.1400
half duration:   1.4000
latitude:       14.1100
longitude:     124.6500
depth:          22.8400
Mrr:       1.710000e+24
Mtt:      -2.380000e+23
Mpp:      -1.470000e+24
Mrt:      -6.620001e+23
Mrp:       1.740000e+24
Mtp:       6.400000e+23