PDEW 2015  1 14 12  9 35.50  48.9300  141.9800 577.0 0.0 5.0 SAKHALIN, RUSSIA                        
event name:     201501141209A  
time shift:      2.0700
half duration:   1.0000
latitude:       48.9400
longitude:     141.9700
depth:         591.3800
Mrr:      -6.170000e+23
Mtt:      -2.800000e+23
Mpp:       8.980000e+23
Mrt:      -5.410000e+23
Mrp:      -4.980000e+22
Mtp:       1.950000e+23