PDEW 2015  1 18  6 41 33.90  56.1600  113.6600  10.0 0.0 5.0 EAST OF LAKE BAYKAL, RUS                
event name:     201501180641A  
time shift:     -2.1200
half duration:   0.8000
latitude:       56.2100
longitude:     113.7500
depth:          17.0500
Mrr:      -5.140000e+22
Mtt:       4.480000e+23
Mpp:      -3.970000e+23
Mrt:      -9.650000e+22
Mrp:       8.840001e+22
Mtp:       1.780000e+23