PDEW 2015 12 17 12 44  3.10  17.7500  120.5800  69.7 0.0 5.3 LUZON, PHILIPPINES                      
event name:     201512171244A  
time shift:      0.0400
half duration:   1.1000
latitude:       17.7200
longitude:     120.5600
depth:          79.8900
Mrr:      -9.230001e+22
Mtt:       2.260000e+23
Mpp:      -1.340000e+23
Mrt:      -1.040000e+23
Mrp:       1.200000e+24
Mtp:      -3.260000e+23