PDEW 2016  1 30  0  8 50.70   6.2900  145.6500  10.0 0.0 5.1 E. CAROLINE ISLANDS, MIC                
event name:     201601300008A  
time shift:      1.5300
half duration:   0.9000
latitude:        6.3200
longitude:     145.5300
depth:          21.0000
Mrr:      -1.510000e+23
Mtt:       5.090000e+23
Mpp:      -3.590000e+23
Mrt:       1.270000e+23
Mrp:      -1.080000e+23
Mtp:       4.350000e+23