PDEW 2016  4 12 11 24 50.80  11.3200  140.8300  10.0 0.0 5.3 W. CAROLINE ISLANDS, MIC                
event name:     201604121124A  
time shift:      3.9100
half duration:   1.1000
latitude:       11.1900
longitude:     140.6600
depth:          17.2700
Mrr:       1.070000e+24
Mtt:      -1.020000e+24
Mpp:      -5.160000e+22
Mrt:       7.620000e+22
Mrp:      -2.380000e+23
Mtp:      -1.990000e+23