PDEW 2016 11 23  9 59 57.20  27.1800  140.0200 481.0 0.0 5.8 BONIN ISLANDS, JAPAN REG                
event name:     201611230959A  
time shift:      3.9800
half duration:   2.0000
latitude:       27.3600
longitude:     140.0200
depth:         491.1100
Mrr:      -3.710000e+23
Mtt:      -1.840000e+23
Mpp:       5.560000e+23
Mrt:       1.660000e+23
Mrp:      -4.970000e+24
Mtp:      -4.450000e+24