PDEW 2016  5 11  1 15 47.20  32.0200   95.0300   8.0 0.0 5.2 XIZANG                                  
event name:     201605110115A  
time shift:      2.4800
half duration:   1.4000
latitude:       31.8700
longitude:      95.1200
depth:          17.1000
Mrr:      -1.760000e+24
Mtt:      -8.980000e+22
Mpp:       1.850000e+24
Mrt:      -3.870000e+23
Mrp:      -3.960000e+23
Mtp:       1.250000e+24