PDEW 2016 11 25  7 26 23.90  54.4600  160.5500  87.9 0.0 5.6 NEAR EAST COAST OF KAMCH                
event name:     201611250726A  
time shift:      0.9500
half duration:   1.0000
latitude:       54.3500
longitude:     160.9500
depth:          99.9300
Mrr:       4.430000e+23
Mtt:      -1.910000e+23
Mpp:      -2.520000e+23
Mrt:      -3.360000e+23
Mrp:      -6.040000e+23
Mtp:       3.950000e+23