PDEW 2016  5 24 22 20 17.70  18.5700  145.2500 517.0 0.0 4.8 MARIANA ISLANDS                         
event name:     201605242220A  
time shift:      0.9700
half duration:   0.9000
latitude:       18.5600
longitude:     145.2100
depth:         524.4500
Mrr:      -6.190000e+23
Mtt:       3.400000e+23
Mpp:       2.790000e+23
Mrt:       1.840000e+22
Mrp:       3.890000e+23
Mtp:       8.540000e+22