PDEW 2016  8  6  9  8 23.60   6.1100  125.3100  87.8 0.0 5.4 MINDANAO, PHILIPPINES                   
event name:     201608060908A  
time shift:     -0.0800
half duration:   1.1000
latitude:        6.1200
longitude:     125.2700
depth:          94.3500
Mrr:      -6.390000e+23
Mtt:       1.220000e+24
Mpp:      -5.840000e+23
Mrt:       2.090000e+22
Mrp:       3.760000e+23
Mtp:      -5.270000e+22