PDEW 2016  5  7  5 42 17.50  31.2600  129.3200  38.1 0.0 5.3 KYUSHU, JAPAN                           
event name:     201605070542A  
time shift:     -2.8800
half duration:   1.2000
latitude:       31.1400
longitude:     129.0500
depth:          12.0000
Mrr:      -3.750000e+23
Mtt:       9.530000e+23
Mpp:      -5.780000e+23
Mrt:       1.240000e+23
Mrp:       6.690000e+23
Mtp:       1.180000e+24