PDEW 2016  7 23  1  0 20.90  47.7000  146.9200 408.0 0.0 5.8 NORTHWEST OF KURIL ISLAN                
event name:     201607230100A  
time shift:      2.5300
half duration:   2.0000
latitude:       47.6800
longitude:     146.9100
depth:         423.2200
Mrr:       4.000000e+24
Mtt:       1.970000e+24
Mpp:      -5.970000e+24
Mrt:       6.720000e+23
Mrp:      -5.010000e+24
Mtp:       7.000000e+22