PDEW 2016  8 10  4  6 59.00   5.5700  125.7100 127.0 0.0 5.2 MINDANAO, PHILIPPINES                   
event name:     201608100406A  
time shift:     -0.5000
half duration:   1.1000
latitude:        5.5900
longitude:     125.7400
depth:         137.1500
Mrr:       8.630001e+22
Mtt:       2.870000e+23
Mpp:      -3.730000e+23
Mrt:       9.880000e+23
Mrp:      -2.400000e+23
Mtp:       6.250000e+23