PDEW 2016  8 25 17  4 43.30  30.6200  137.8700 456.0 0.0 5.9 SOUTHEAST OF HONSHU, JAP                
event name:     201608251704A  
time shift:      2.3400
half duration:   2.2000
latitude:       30.6900
longitude:     137.7800
depth:         473.2400
Mrr:      -2.810000e+24
Mtt:       6.580000e+24
Mpp:      -3.770000e+24
Mrt:       4.570000e+24
Mrp:      -3.800000e+24
Mtp:       4.050000e+24