PDEW 2016  8 24 10 34 54.60  20.9200   94.5700  82.0 0.0 6.8 MYANMAR                                 
event name:     201608241034A  
time shift:      3.7000
half duration:   5.8000
latitude:       20.7900
longitude:      94.5800
depth:          88.3200
Mrr:       5.180000e+25
Mtt:      -2.270000e+25
Mpp:      -2.920000e+25
Mrt:       4.460000e+25
Mrp:      -1.600000e+26
Mtp:       4.520000e+24