PDEW 2017  1  3  9  9  2.10  24.0100   92.0200  32.0 0.0 5.7 INDIA-BANGLADESH BORDER                 
event name:     201701030909A  
time shift:      1.9000
half duration:   1.5000
latitude:       23.9800
longitude:      92.0300
depth:          24.4700
Mrr:      -8.160000e+22
Mtt:      -2.420000e+24
Mpp:       2.500000e+24
Mrt:      -1.670000e+23
Mrp:       1.410000e+23
Mtp:       1.960000e+24