PDEW 2017  3 27 22 31 21.00  42.0400  138.5500   5.2 0.0 5.1 EASTERN SEA OF JAPAN                    
event name:     201703272231A  
time shift:      4.2000
half duration:   1.0000
latitude:       42.0700
longitude:     138.3800
depth:          12.0000
Mrr:       6.800000e+23
Mtt:      -4.280000e+23
Mpp:      -2.520000e+23
Mrt:      -1.120000e+23
Mrp:      -3.250000e+23
Mtp:      -3.760000e+23