PDEW 2017  7  6  8  3 57.50  11.1300  124.6300   9.0 0.0 6.5 LEYTE, PHILIPPINES                      
event name:     201707060803A  
time shift:      3.1400
half duration:   4.2000
latitude:       11.1500
longitude:     124.6800
depth:          12.0000
Mrr:      -9.500000e+24
Mtt:       6.470000e+25
Mpp:      -5.520000e+25
Mrt:      -9.900000e+24
Mrp:      -5.730000e+24
Mtp:      -2.360000e+25