PDEW 2017  9 29 19 25  1.60  53.2300  160.0800  49.5 0.0 5.3 NEAR EAST COAST OF KAMCH                
event name:     201709291925A  
time shift:      1.3500
half duration:   1.1000
latitude:       53.1100
longitude:     160.2200
depth:          56.9200
Mrr:       8.600001e+23
Mtt:       1.010000e+23
Mpp:      -9.610000e+23
Mrt:      -4.160000e+23
Mrp:      -2.460000e+23
Mtp:      -5.310000e+23