PDEW 2017 12  9 15 14 24.80  10.0900  140.2000  10.0 0.0 6.1 W. CAROLINE ISLANDS, MIC                
event name:     201712091514A  
time shift:      3.1800
half duration:   2.6000
latitude:       10.0300
longitude:     140.1700
depth:          12.0000
Mrr:      -9.050000e+23
Mtt:       1.500000e+25
Mpp:      -1.410000e+25
Mrt:      -1.230000e+24
Mrp:      -4.150000e+24
Mtp:      -2.520000e+24