PDEW 2017  8  2 18 18  8.40  24.3200   93.6200  50.9 0.0 5.0 MYANMAR-INDIA BORDER REG                
event name:     201708021818A  
time shift:      3.1700
half duration:   0.9000
latitude:       24.3400
longitude:      93.7600
depth:          42.2600
Mrr:       9.900000e+22
Mtt:      -4.300000e+23
Mpp:       3.310000e+23
Mrt:      -2.540000e+23
Mrp:      -9.780000e+22
Mtp:       4.610000e+23