PDEW 2017  4 11 15 55 50.10   5.7700  127.3500  24.9 0.0 5.0 PHILIPPINE ISLANDS REGIO                
event name:     201704111555A  
time shift:      3.6400
half duration:   0.9000
latitude:        5.6500
longitude:     127.7300
depth:          28.2200
Mrr:       4.400000e+23
Mtt:       3.740000e+22
Mpp:      -4.770000e+23
Mrt:      -7.830000e+22
Mrp:       3.160000e+23
Mtp:       1.930000e+22