PDEW 2017  9  7 17 26 49.30  27.7800  139.8000 451.0 0.0 6.1 BONIN ISLANDS, JAPAN REG                
event name:     201709071726A  
time shift:      2.4200
half duration:   2.5000
latitude:       27.7900
longitude:     139.7500
depth:         459.7500
Mrr:      -8.360000e+24
Mtt:       3.920000e+24
Mpp:       4.440000e+24
Mrt:       1.590000e+24
Mrp:      -1.020000e+25
Mtp:      -6.540000e+24