PDEW 2017  4  4 15  7 31.90  47.2700   85.0500  25.3 0.0 5.1 KAZAKHSTAN-XINJIANG BORD                
event name:     201704041507A  
time shift:     -0.4700
half duration:   1.0000
latitude:       47.2800
longitude:      85.0800
depth:          32.6400
Mrr:       1.200000e+23
Mtt:      -8.040000e+23
Mpp:       6.840000e+23
Mrt:      -3.350000e+23
Mrp:       1.420000e+23
Mtp:      -4.920000e+23