PDEW 2018  2  5 20 56 23.10  26.9800  140.2000 477.8 0.0 5.4 BONIN ISLANDS, JAPAN REG                
event name:     201802052056A  
time shift:      0.6200
half duration:   1.3000
latitude:       26.9300
longitude:     140.2200
depth:         471.5800
Mrr:      -5.560000e+23
Mtt:       1.880000e+23
Mpp:       3.690000e+23
Mrt:      -4.130000e+23
Mrp:      -1.110000e+24
Mtp:      -1.430000e+24