PDEW 2018  1  3 21 30 21.90  29.6400  140.5200   9.5 0.0 5.5 SOUTHEAST OF HONSHU, JAP                
event name:     201801032130A  
time shift:      1.9200
half duration:   1.3000
latitude:       29.6600
longitude:     140.3000
depth:          12.0000
Mrr:      -1.500000e+24
Mtt:       5.350000e+23
Mpp:       9.670000e+23
Mrt:       9.940001e+22
Mrp:       9.880000e+23
Mtp:      -6.710001e+23