PDEW 2018  3 18 18  0 11.20  45.3700  150.2500  79.5 0.0 5.2 KURIL ISLANDS                           
event name:     201803181800A  
time shift:      3.5900
half duration:   1.0000
latitude:       45.4100
longitude:     150.2300
depth:         102.0800
Mrr:      -5.780000e+23
Mtt:       4.640000e+23
Mpp:       1.140000e+23
Mrt:       6.320000e+23
Mrp:       3.560000e+23
Mtp:       2.700000e+23