PDEW 2018  6 17 22 58 34.80  34.8300  135.6400  10.3 0.0 5.5 NEAR S. COAST OF WESTERN                
event name:     201806172258A  
time shift:      1.9100
half duration:   1.5000
latitude:       34.8300
longitude:     135.4700
depth:          17.3000
Mrr:       1.650000e+24
Mtt:       1.840000e+24
Mpp:      -3.500000e+24
Mrt:       2.240000e+23
Mrp:      -1.130000e+24
Mtp:      -8.690000e+23