PDEW 2018  1 18 12  8 53.90  52.5200  153.0100 466.2 0.0 5.8 NORTHWEST OF KURIL ISLAN                
event name:     201801181208A  
time shift:      2.3300
half duration:   1.9000
latitude:       52.6200
longitude:     153.0100
depth:         470.5500
Mrr:       2.430000e+23
Mtt:       1.690000e+24
Mpp:      -1.940000e+24
Mrt:       2.210000e+24
Mrp:      -8.820000e+23
Mtp:      -5.510000e+24